2
1 6 9 10 11 13 15
4 12
1 5 10 15
3 4 7 9
2 3 6 8 9 14
6 15
1 11 12 13
2 9 14 15
1 2 10 12 13 14
2 3 12
3 4 9 13
1
5 13 15
5 15
6 7 9 11 13
3 6 8 9 10 12 13
4 5 11 14
1 2 7
2 4 7 9 13 14
4 7 8 12
2 6 8 13
3 4 5 11 14
7 8 13 14 15
3 6 8 10 12
2 12 13
8 14 15
1 6 7 8 14
1 2 5 11 15
3 5 8 11 15
1 2 4 6 7 9 11 14
7 13
3 4 6 12
3 6 8
1 10 11 14
2 3 5
4 9 14
2 5 8 9 10 13
11 13 15
2 4 9 14
1 2 5 6 11
3 9 10 13
5 6 11
1 5 6 8 10 14
3 4 9 13
3 9 11 13
6 12 15
4 15
14
3 5 8 9 12 14
3 11 13 15
5 7 12
5 9 14 15
2 3 7 10 11 13
2 5 13
11 14
5 10 12 14 15
2 3 4 6 12
2 8 9 14 15
2 6 9 15
4 5 12
10 15
6 8 10 13
13
2 5 6 8
1 2 5 11 12 14
2 4 7 10
8
4 7 8 11 13
4 6 7 8 10
9 12 13 14
4 6 12
5 7 8
3 4 7 13 15
4 9 12 14
4 5 8 9 15
1 2 13
8 12
1 7 13 15
4 9 13 14 15
12 15
3 13 15
4 7 8
3 4 8 10
1 5 9
4 5 13
4 7 11 12
8
4 5 7 12 14 15
2 5 7 9 13
2 3 5
11 13 15
2 8 9 14 15
4 5 7 9
2 3 5 13 14
9 11 14 15
7 8 15
5 7 14
3 6 14 15
2 8 9
1 11 14 15
1 5 13
5 6
6 11 12 14
4 6 8
1 2 3 13
3 7 9 15
3 8 10
5 10
3 4 10 14
4 6 7 10 14
2 4 5 8 10 11 12
4 11 13
3 8 14
5 13 14
2 5 8 9 10 15
1 2 3 8 9 14
1 4 6 10 11
2 7 13
4 8 9
13 15
1 7 10 15
4 5 7 8 14
1 3 4 5 11
5 9 10 13 14
1 3 7 8 12 14
7 10 11
1 4 6 9 15
5 7 8 11 15
1 4 5 8 9 10
2 6 11
1 2 10 12 13 15
6 10
1 3 11 14
6 13 14
4 6 9 13
6
4 7 12
3 8
1 8 9 13
2 6 7 9 10 11 13
3 11 14 15
1 2 7 11 12 14
1 8 10 12
1 3 11 13 14 15
13
6 7 14 15
2 9 11
5 11
4 5 10 11
2 12
3 8 11 12 14
1 3 8 10
3 4 13
4 5 6 8 14
3 7 15
1 4 6
1 2 7
2 5
2 12
1 13
6 7 9 10 11
1 5 6 8 9 12 15
6
1 5 10 12 13 15
10 13
2 6 7 9 13
11 15
3 9 10 13 14 15
5 9 11 14
12
1 4 7
3 9 11
4 7 12
5 8
3 9 10 14
2 3 4 6 8 15
1 6 11 15
2 14 15
1 4 13
5 6 14
2 4 6 8 11
1 8 11 13
11 12
3 13
1 3 7 10
1 2 7 10 12
2 6 8 11
12
1 2 8 11 13
3 15
1 2 7 8 11 12
11 12 13
1 3 10 11 13
1 2 11 12
11 15
3 4 6 14
8 10
8 10 15
9 10
