2 3 8 14
2
4 12
7 14
1 4 5
3 4 7
1 8 13
3
1
6 13
2 12 14
2 7
9
7 8 12 14
1 7
1 4 12
4 14
5 11 15
3
1 9 10 12
11 14
3 9 13
9
5
7 8
1 3 8 11
5
6
1 10
3 15
10 11
8
2 4 9 14
8
2 5 8 12
1
11
5
7 14
1 6
12
2 6
14
6 13
10 14
2 10 13
2
13
9
6
1 4
14
11 12
2 14
10
3 6
4 7 11
10
9
2 3
2 6 15
5 6 7
13
14
1 8
14
7
1 4
7 12
6 10
3 6 10
7 8 10 15
1 4 11 13
7
6
9 14
10 14
12
15
13
15
3 14
4
9
15
5
1 5 6 11
2 14
6
1 13
9 11
12
4
2 7 8 13
1 15
6
13
1 11
1 9
14
6 14 15
10 12
1 7 11 12
6
3 4 15
14
1
1
2
6
1 6 12
9
2 9 12
1
1 5
2
3 7 9 13
12
5 9
1 3 11 13
5 8 9
5
11
2 12
8 9 12 15
11
1
10
5
2 10
8 15
7
2
3 4
5
2 5
6 13
3 12 13 14 15
1
4
11 14
1 3
14
2 7
6
2 11 13 14 15
4 14
13
6 7
1 13
8 9 13
6
1
12
6 8 14
2 4 14 15
5
3
1 10 13
5 9
8 14 15
1 6 7 15
6 7
3 8
14
3
1 7 8
6
7 8
3 12
13
7
12
7 15
3 10
8 15
4
4 10 14 15
1 8
2 5
3
2 3 12
2 3 8 10 13
6 7
4 13
3 15
7 12
3 11
6
5 8 11 15
1 10 15
10 11
4 5 9
4 6 7 13
6 9 11
3 4
3 7 9 13
14
1 4
1 10
