1
12
5
5
2 10
5 8
3
1
1 10
5
14
14
7 15
11
4
5
14
3
10
11
2
1
5
4
6 7
10
2 4 12
2 3
6
1
14
6
2 13
14
7 9
1 6
6
9
8
5
2
6
5 9 14
14
2 8
2 4 10 11
10
7 14
5
12
12
8
12
6
9
13
4 5 10
5
5
3
4
2
11
11 13
12
7
3
4
9
4 15
14
4
8
9 10
13
10
10
11
3 15
6
1 13
1
4
10
7
6
4
4 9
1
8 14
10 14
9 12
10 11
1
2 15
1 12
14
1 8
11
1 10 12
8
5 12
4 12
2
10
10 13
13
7
4
12
9 13
10
8
4 11
2
10 12
3
10
6 7
3
6
2
8
3
9 10
10
2
13
4 8
12
15
3 6
13
13
7
2 3
2
4
8 10
7 10 15
1
6 11
2 5 11
11 15
1 12
10
13
4
11
9
10
13
10
2 10
2
3 8 14 15
7
13
15
3
15
2
14 15
4 7
10
15
1 9
5
8 11
2
7
15
3 14
15
14
11
12
3
4 6 12
2
8
1
3
3
10
5
8
6 11
4 10
10
3
6 9 14
13
9
2
15
14
8
2 12 13
11
