3 5 15
8 13 15
2 13
3 6 7 9 11
3 6 7 9
1 9 11
1 7 8
8
5 8 10 14
8 14
9
10 13 15
3 5
3 12 14
2 3 13
3 4 10
2 11 12 13 14
7 8 12 14
1 6 11 13
3
8 10
8
3 4 13
5 9
2 12
5 7 15
4
4
1
10
1 10
11
5 7 10
8
9 13
4 8 11 15
4
8 13
11
1 7 15
1 2 6
4 9 11 15
8
1
6
7
4 5 6 9 15
10
2 3 8 9 13
6 12 15
5 11 13
13
7 10
3 13
4 6 11 12
10
10 12
14
2 4 10 12
7 12 13
1 10
3 12
1 5 13
2 4 10 12
2 3 5 8 13
1 11
4
8 10
10 13
10
3 9 11 13
13 14
4 7 8 12 15
2 5 7 9 10
1 4 7 9 11 13
3
1 6 13 14
2 5 7 9 11 12
2 8
8 9 15
1 3 4
2
3 8 9
5 9
13 15
3 14
2 13 15
2
6 10 12
1 3
2 14 15
2 9 13
2
2 4 7 15
1 11
2 13
3
7
6
1 14
8 11 13
8
2 4 15
2
4 6
6 7 8 11 14
1 5 6
5 12
15
1 9 10 11 12 14
1 2 10 11
2 7 12
2 7
2 8 12
7 9 15
6
5 14 15
8 12 13 14
1 7 9
1 3 6
15
1 8 10
2 11
8 15
3
2 11
2 5 10
5 8 9
12 13 15
10 14
1 7 14
7
5 15
10 15
8
3
9 14
1 3 4 5 10 12
14
12 14
1 7
2 4
2 3 6 15
2 3
1 12 15
1 2 4 9 10 12
5 6 8 11
3 4 15
2
1 4 6
5
12
9
2 7 9
1
4 9 10
2 6
11 14 15
1 4
8 12
12
7 10 15
6
4 10 15
1 2 3
4 15
1 6 15
3 6 8
14
7 9 13 15
6 7 9 10 12 13
3
5 11
1 6 7
6 8 12 13
1 7
4 5 11 14
7 14
7 11 13
10 12
10 15
3 5
3 4 9
1
2 15
3 8
5 13 15
3 12 14
1 8 10
4 7
3 8 12
1 4 14
6 12
7 8
1 4 6
2 3 4 11
4 10 14
1
10
9 14 15
