1 3 4 7 13
2 3 11 12
1 3 12 15
1 8 15
3 4 7 10 13
2 10 13
6 8 9 15
6
4 5 7 9
1 3 4 5 10
1 2 7 9 11
2 5 6 15
5 13 14
2 10 12
3 4 5 6 14 15
6 7 8 9 13
15
12
4 8 9 13
3 8 15
1 7 10 14
1 2 6 15
9 15
2 9 13 15
3 6 9 11 12
7 11 12 14 15
10 13
1 8 13
10
11
5 6 8 12 14
1 2 7 10 13
2 11
1
6 12
3 6 7 8 9
5 6 13
9
7
12
7 8 12
2 3 9 13
2 13
2 3 6
2 7 12
1 2 9 12
4 6 7
2 10 13
8
2
4 10 11 13
1 8 11 12 14
4 9 10
5 12
5 7 12 13
2 12
7 9 13
5 9 14
4 6
1 6
6 13 15
3 7 9
2 3 4 5 9 10 15
2 8 15
3 7 9 10 11
2 5 11 13 14
2 4 8 12 13
7 11
6
1 2 13 14
5 7 15
5
8
2 5 6 8 9 13
5 8 12 15
1 5 8 11
2 5 14
1 2 3 8 15
4
1 5 6
5 7 13 15
2 7 8 10 11 13
4 11 14 15
2 8 12
1 5 8 11 13
4 10 11
6
1 11
8 13
1 3 7 12 15
10
5 13
1 3 5 8 9 11 12 15
1 15
2 8 14
5 12 14
3 4 7 9 10 15
4 11 12
9 11
5 8 9 11
1 10 11 14
2 4 5 8 15
11
14 15
6 13
3 8
7
8 13 15
15
5 8 9
4 13
1 5 6 7 10
10
6 7 13
1 12 14
14
2 12
4 7 11 13 14
14
4 8
4 6 15
9 10 15
1 9 13
12
3 11 12
8
4 9 10 15
1 5 13 15
1 9
5 13
3 4
2 4 10 11
2 8 10 12
12
14
9 14
3 6 8 11
2 4
4 5 9
10 13
4 14
1 3 4 9
5 14
2 5 11
15
1 7
2 15
9
6 7
5 7 10 13 15
1 4 5 10 14 15
5 6 9
5
3 4 8
1 4 5 8 14
10
9
4 5 10 15
1 7 9 14
5 7 12 15
4 7 10
4 8
2 3 14 15
1 2 12 14
8 9 10 12
12
1 3 7 14
1 4 7 10
1 9 12
3 5 9 10 12 13
6 11
6 12
1 5 7 10 11
2 3 4
6 13 14 15
1 2 7 9 10
1 4
5 11 12 14 15
1 2 5 7
7 10
5 12
4 6 8 15
4 7 9 10 13 14 15
5 6 11
3 14
2 8 9
3 4
1 12 15
3 7 8 12
11
6 9 12 14 15
1 4 13 14
3 6 7 8 10 14
7 14
5 10 13 14
4 9 13 15
6 8 9
1 9 11
6 13
7 10 11 15
