6 13
2 4
13
8
3 7 13
10 13
7 11
9
8 15
5 9 15
4 8
2
13
4 10 12
2 8 15
8
2 3 5 10 12
2
3 14
3 8
5 8
2 5
4 12
7 11 14
1
2
7 8 10
5 14
7 9 15
6
3 6 12 14
8 11
1 9 10 15
4 11
3
5
5
14
1 12
8
10 14
15
8 9 12
3 8
6 11
1 12
10 15
2 9
1 11
12 14
2 4 14 15
12
11 15
8
10 12 13
8
1
3 9
1 5
1 5 8
4 13
2 4
10 11
9
5 13
3
3
7 8
2 6 13
4
12
1 3
15
7 11 15
7 11 15
3 4 12
2 6
9
3 9
2 6
10 12
12 15
2 8
7 11 15
1 12
4 5 9 15
4 11
11
4 6
14
2 11 12
1 2
11
6 7
8
9 15
13 15
9
6
10 13 14
5 8
1 5 6 7
12
3 11
7 8 14
15
3 4 5
8 11 12 15
6 11
3 8
5 6 10
7
6 9
1 3
11 13
3 7 8 11 14
7 9 15
7 10
7 9
3 6
7 11 13
11 14
5
5 8
4 15
14
5 11
7 13
2 11
10
3
6 9 12
3 4 14
10 12
13
4
13
15
8
11
3 11 12
4 7 9
2 3 4 9 13 15
1 3 12
3
3 14
2
13
8
3 6
4 7 8 12
3 6 14
4
5
14
1 3 11 15
1
3 4 11 13
1
1 5 11
12 13
1 11
13
11
7
10
5 8
2
7 12
4 7 8
10
1 9
2
4
2 3 15
3 6 14
5 15
5
3 5 11 12 15
1 11
1
4 11
4 12
1 5 12 13
7
14
2 6 11
4 13
1 5
4 12
8 12
1 4 5 10
10
4 6
4
13
13
3 8 9
7 9
1 15
