4 7 9 11
4 6 7 8 10 12 14
2 3 5 6 8 10 11 12 14
3 4 6 7 8 15
2 5 6 7 13
4 6 9 10
2 3 5 6 8 9 12 13 14
1 2 7 12
1 2 7 8 9 15
2 3 4 8 11 13
2 3 5 7 10 13
8 11 13
1 3 6 8 10 14
4 5 6 8 9 10 11 15
1 2 6 7 9 10 12 14
1 2 3 4 9
2 3 4 9 10 12 15
4 7 11 13 15
1 3 4 9 10 11 15
4 6 7 8 9 11 12 13 15
1 5 7 9 15
1 6 10 12
2 5 7 9 11
4 6 9 10 12 13
1 3 7 8 9 13
1 3 6 9 10 11 13
1 4 7 13 15
3 10 12 13 15
2 3 6 7
4 9
5 6
1 5 6 8 9 11 12
1 4 6 11 12 13 14
1 2 5 7 8 10
1 3 4 5 10 11 13
2 4 6 11 12
1 2 6 11 14 15
2 4 5 10 12 14
3 4 7 9
2 9 11 14
1 3 5 14
4 5 9 12 14 15
4 9
4 7 8 13 15
4 7 9 10 11 13 14 15
1 2 7 8 12 13
2 3 4 5 9 10
3 4 5 7 10 11 13 14 15
3 4 6 8 9 10 13 15
4 7 11 13 15
5 9 12
3 4 5 8 11 12 13 14
2 7 15
3 7 8 13 15
1 2 4 7 10 13 14 15
1 2 4 8 10 11 12 13
3 8 10 12 15
1 2 9 10 12
3 6 9 11 13 14 15
6 9 11 13 15
8 11 12
2 4 6 9 10 14 15
1 2 5 7 8 9 15
2 3 4 9 10 12 13
1 5 9 10 11 14
5 6 8 10 12 15
2 4 8 14 15
4 5 8 12 15
1 7 9 10 13 14 15
4 5 6 7 9 12 14 15
1 3 4 5 7 9 12
8 9 10 12
1 4 8 9 12 13
2 3 6 7 10 11 14 15
3 6 10 11 13 15
1 4 6 8 11 14
5 8 15
2 3 5 6 8 15
6 9 12 15
1 2 4 5 10 13
1 7 10 12
3 4 5 6 7 14
1 7 9 11 12 13 15
1 3 6 7 8 13 14
1 3 9 13 14
1 3 7 8 10
1 2 3 12 14
2 3 4 6 7 9 11 12
1 3 4 8 14
7 10 11 14
3 5 6 7 8 12 14
2 3 4 7 8 10 14 15
3 4 6 7 13 14 15
1 2 4 8 10 15
9 10 11 12
1 2 3 6 8 10 13
1 3 5 7 8 10 12
3 5 7 15
6 7 11 14 15
4 8 10 11 12
1 2 4 10 11
3 5 7 10
2 3 7 9 10 15
13
2 3 6 7 8 14
5 7 10
3 5 6 10 13 14 15
7 11 12 13 15
3 6 7 14 15
2 3 11
5 6 7 8 11 12
1 5 6 8 11 13
5 7 10 11 12 13 14 15
1 2 3 4 5 12
1 2 4 7 12 14 15
1 2 6 9 12 13
1 2 3 7 11
1 9 10 11 14
1 3 4 8 10 11
5 6 8 9 11 12 14
3 5 9 12
1 4 12
6 7 9 12 13 15
6 7 9 14 15
4 6 8 9 14
1 2 6 7 8 12 14
5 13 15
1 2 5 6 14
1 2 10
2 7 8 9 11
1 4 11 12 14 15
1 5 8 13 15
1 3 7 8 10 12 13 14
7 12 13 14 15
3 12
1 3 5 8 9 11
3 7 8 9 15
1 2 3
2 6 8 15
1 3 5 7 9 14
1 5 6 7 9 11 15
2 5 6 7
1 4 5 6 7 10 11
3 4 5 7 8 10 11 13
2 3 4 7
1 2 3 6 8 9 12 15
2 4 8 10 11
4 6 10 12 14
2 6 9 15
5 10 11 12
1 3 7 10 11 14 15
4 10
4 6 7 11 12
1 5 6 8 11 12 13
3 6 7 11 12 13
2 5 8 11 12 15
1 7 8 11 13 14
7 8 11 14
1 10 12 15
6 9 12 13
6 11 12 13
2 9 10 11
3 5 7 13 14
3 6 7 9
3 5 6 8 14 15
12
1 6 11
7 9 11 12 14
2 3 5 7 9 11 12 13 14 15
1 4 5 9 13
1 2 5 11 12 13
1 4 12 15
3 6 8 12 14
2 8 11 14
5 6 9 10 11 14
4 6 9 12
3 6 7 8 9 10 13
3 5 6 8 11 13 14
8 10 14
2 3 9 11 12
3 4 10
12 14
3 4 5 6 7 10
2 5 7 9 12 14
3 9 11 13
1 3 4 8 9 12 13 15
2 3 7 9 10
5 6 7 10 12 13 14
2 3 5 6 7 10 14
1 3 5 8 12 13
2 4 9 12
1 4 9 11 12 13
1 4 5 6 9 11 13 15
6 7 13 15
6 7 8 10 11 13 15
2 8 9 10 12 13
1 2 4 5 6 12 14
8 13 14
2 3 4 12
1 3 7 10 12 14
