3 4 9 11 15
2 14
3
2 10 12
2 4 6 13
1 5 9
12 15
2 8 10 14
3 5 8 9 12 13 15
2 11
1 5 10 14 15
8 14
4 14
8 9 10 11 13
8
5
10 14
10 14
2 7 9 11
6 9
1 8 10 12
1 6
2
5 9
5 6 9 14
4 10
6 8 13
15
5
3 4 7
2 9 10 13 15
4 5 8 12
2 11
7 15
2
4 5 8 9 10
12
4 5 15
7 12 13 15
3 5 8 11 12 13
2 4 8 12 15
13 14
5 8 9 13
4 10 15
8 10 15
1 3 4 14 15
3 7 9
10 13
1 9 11
4 9 11
3 8 10 12 15
3 8
1 9 10 13 15
2 3 7
1 7 12 13
3 10 15
8
1 3 10 14 15
1 6
2 14 15
5 6 7
6 11 12
6 7 9 11 13 15
8
6 9
2 7
7 8 10
7
1 3 8 12 13 15
10 11 13
6
3 9 15
4 14
14
6 13
4 9 10
6 11 12 15
3 7 8 9 15
4 10 14
5
7 9
4 11 15
1 3 4 6 10
2 4 6 8 12 15
2 4 5 6 11
2 4 10 14
1 14
1 4 10 12 13
9
5 10 15
2 3 5 10 12 14
7 10 12 14
1 13
2 6 11
1 6 8 12
3
5 13
1 11 12 14
7 11
5 14
4 5 6 9
1 7 11
1 4 7
7
2 9 14
4 7 10 11 13
1 7 15
6 9
10
11 14
7 9
3 6 10
2 3 11
3 4 8 11 13
8 9
1 6 10 12 13
6 10
3 12
2 4 14
2 7 13
2 10 12
7 9
2 4 7 9 10 11
2 5
3 8 14
9 10
7 13 15
8 13 14
1 6 7
9 14
5 6
3 6 14
2 5
15
7 10
1 5 10 13 14
10
2
6 8 15
2 8 11 13 15
4
2 9 15
10 14
2 8 9 15
1 4 5
5 14
5 7
9
3 4 7 12
2 3 5 8
2 4
4 7 12
13
1 6 13 15
4 6 10 12
6 12
4 6 7 12
2 4 5 14
4 7 10 14 15
2 3 15
3 4 6 9 13 14
1 2 3 4 8 11 12
2 3 9 12 13
12
6 7 9
12
5 13 14
1 4 7 12 13
8 11
4 5 15
8 9 12
1 3 9 12
12
4 6 8
3 6 12 14
5
10 12 13
12 13
5 12
5 15
7
8 14
1 4 6 7 13
2 4 11
3 15
1 7 14
3 6 7 9 14
1 5
11 12 14
3 10 11 13
8 12
15
4 5 13 15
10 14
1 3
3
1 10 14
2
1 8 9
11
