1 2 3 5 7 12
5 8 11 12 13
1 15
2 8 9 10 11 14
2 3 9 11 15
2 6 9 10 14 15
1 8 9 11 12 13 14 15
2 7 8 12 13
6 7 11 12
1 3 4 9 11 13 15
5 9
4 7 10 15
2 3 9 11 13 15
1 5 7 8 15
3 5 6 7 8 11
1 5 8 9 13
1 2 5 6 8 9 10 12 13 14
2 3 4 7 10 11
1 11 15
9 15
12 13 15
1 2 3 4 5 6 8 10 13 15
2 6 8 12 13
3 9 14
11 14
6 14
3 7 8 10
5 13 15
5 9 13
3 4 10
2 3 5 6 8 10 11 13 14
2 3 6 9 11 12 14
3 4 5 8 9 13 14 15
2 3 6 7 10 14
1 10 14
2 6 8 14 15
2 3 4 8 11 12
3 6 12 14
4 8 10
2 9 10 12
1
1 4 5 10 14
4 5 7 8 9
4 5 6 7 8
1 2 9 13 15
1 2 3 4 10 14
9 11 15
11 12 13 15
3 5 7 8 10 12
1 2 4 7 11
3 4 5 9 12 14
13
2 5 9 11
4 6 8 9 10 13
15
1 5 6 7 12 13 15
2 3 5 8 10 12
3 4
7 11 12 13
3 14 15
3 8 14 15
1 6 7 14
9 11 13 15
2 10 11 12 14 15
5 7 12 13 15
1 2 6 9 12
2 3 4 15
7 15
1 7 8 10 11 14
4 7 11 13 15
2 4 6 8 9 10 14
6 8
1 3 6 7 12 13
2 8 14
2 7 13
1 2 4 7 8 11
2 4 6 8 10 11 12 13 15
4 11 13
1 3 6 12 14
5 6 8 10 12
1 5 12 15
1 5 9 10
2 8 13
2 5 6 12
12 14 15
3 4 5 6 8 9 14
4 12 14 15
1 2 3 5 8 12
1 10
2 3 7 9 12 15
1 10 11 14 15
1 2 7 8 9 13
1 3 6 10
4 6 7 10 13 14
2 6 11
1 3 5 6 7 9 12
2 3 5 9 10 11
1 2 3 4 13 15
1 13 14
1 3 5 14
3 5 14
11 12 13
1 4 5 8 9
3 5 13 15
2 3 4 6 10 12 15
1 3 8 9 11 12 13
11 12 15
1 8 15
7 10 12 14
11 12
1 2 4 7 15
7 12 13 14
1 7 10 12
2 4 9 13 15
4 6 8 13 14
2 5 7 8 9 11 12 14
1 2 3 4 7 8 9
2 4 9 12 14
1 4 5 8 11 15
5 7 10 11 12 15
1 2 9 10 15
3 4 8 15
6
4 8
1 8 9 12 13
5 7
2 11 13
7 8 12 15
2 4 6
7 15
2 6 11
11 13 14 15
2 6 7 9
1 4 10 12
1 3 8 9 10 14
1 3 6
2 3 9 15
3 5 6 11 12 15
2 8 15
1 3 4 5 9 12 13 15
3 4 8
2 3 9 15
6 7 9 10 12
6 8 12 13
1 9 10
1 2 8
1 8 10
1 7 9 10 11
7 8 9 10 11
4 6 7 14 15
4 9 10 11 13 14 15
1 2 6 10 15
3 5 8
1 7 9
12 13 14 15
6 15
9 12
1 3 5 6 8 13
1 3 6 8 9 14
2 3 8 9 10 15
6 9 11 15
5 9 10 13
1 2 10 12 15
4 6 14 15
1 3 7 8 14
8 10 11 15
5 8 11 14
3 6 11 14
2 3 4 6
1 2 7 9 12
1 7 8 10 11 15
2 12
2 6 10 11
2 5 6 11
1 2 5 13 15
1 2 3 6 8 9 12 14
7 10 11 12 14 15
1 4 6 11
1 11 13 15
1 6 7 10 14
5 7 8 9 12
1 3 11
6 9 10
1 2 5 9 14 15
3 6 7 8 11 12 14 15
1 2 5
3 5
7 8 15
1 2 7 11
9 10 12 13
1 4 6 7 11 12
1 3
5 10 12
2 3 7 8 10
4 6 10 12 13
2 7 8 13 15
5 6 8 13 15
4 7 9 11 12 13 14 15
3 4 12 14
1 2 3 5 8 9 10 11 12 13 14 15
