14
3
11
3 6 13
9
1 5 6
4
2 3
15
10 12
1 8
5 6
11 12 15
3 5 6
13 15
1 3 5 7 12 15
2 11
7 14
12 14
4 6 7
11
8
13
1 7
1 6 14
1 2 14 15
4
5 6 14
1 6 9 14
7 9 10
7 8 14
3
4
15
2 8
9
3
13
2 3 11
12 13
1 2 3 8 9 13
11
4
6 9 10 12 13 15
11
5 8
13
1 12
15
4 6 8 11
7 15
4 10
6 7
5
7 9
2 3
5
13
5 6 10 13
1 6 15
9 10
7
4 13
9 14
3 13 14
3 6
8 9
3 9
12
5 14
7 14 15
7 14
9 13
2 5 8
3 7 13 15
1 2 10
4 9
2 15
9
15
12 14
15
5 13 14 15
3 5 11 15
4 10 11 12 14
1 7 10 11 14
1 12
13
3
2 4
5 15
5
6 13 15
6 8
3 4 13
8 15
15
10 12 13 15
4 7
2 7 14
1 3
15
10 14 15
4 10
1 3 5 8 9
3 8 12
5
13
1 2 5 7 10 11
11
2 4 5 6 13
10
1 9
3
8 10
11 14
13
11 12
12
9
7 11 12
4 9
2
1 3
11 13 14
7 13
4
1 15
2 12 14
2 7 9 15
12
10 15
9 10 13
3 12 13
6 10
1 6
2
7 9 13
2 8 10
3
14
12
8 10
3 4 14 15
3 7 9 10
8 9
1
3 9
8
3 12 14
6 8 9 14
5 8
4 7 8 14
5 6 12 13 14
9 11 14
2 8 12
9
2 4 5 9 14
11 12 15
11
2 11
3 11
5 11 12
7
2 13
6 13
4 15
1
4 15
3 5
12
4 5 9 11 12 14
6 7
1 6 7 9
2 15
14
12
13 15
4
4
13
2 4 11
2 14
1 4 7 12
2 3
12
3 6 8 12
10 11
11
3
13
1 2 4 9 10
5 9 11
5 6
9 13 15
3 15
2 14
3 4 5 14 15
3 5 15
2
