11 12
13
7 8
8 9 15
2 7
13
12
10
3
5
8 12
2
6 13
4
3 9
7 9 15
5 7
6
12
9
2
10 11
4
1 2
6
1 9 13
11
6
1 5
15
2 11
1 5 7
9
1 7
3
1
2
14
9
12
2 14
14
11
13
9
12
11
14
6 10
7
6 15
9
5 10 14
7
3 8
7
11
6
2
3
7 11
7
1 14
10
11
14
12
4
5
2 8 11 15
7
12
14
2
6 13
3
15
3
9
12
3
2
6
2
5 10
6
4
3 8
11
9
15
1 10
2 11
2 13
2 8 14
8
14
2 4
11
5
3
10
13
7
11 15
1
7
11
3 5 6
1 2
2 11
15
12 14
5
8
3
6
4
1 3 15
11
6 11
9
5
2 6 7 9
1 8
12
4
2
10
5 10
11
1 13
4
9
12 14
13
11
2
9
13
1
5 12
8 14
11
5
7
3 6 9
7
10 14
2
10
9
12
10
2
2
10 15
4 11
8
7
1 3
11
8 13
9 15
12
7 9
13
15
5 7 8 15
15
3 6
15
13
2 8 10
1
11
2
5 7 12
7
2
9
15
6
11
12
8
14
13
7 13
5
13
5 11
6 7
7
4
12
14
1
4 9 10
7
