1 4 5 8 11
6 13
2 3 9 10 14 15
3 4 6 11 12 13
2 3 5 9
2 3 4 10 12
3 5 10 15
6 9 15
1 8 13 14
1 13 14
4 6 9 15
3 4 7 12 14
3 9
1 14
3 6 7 9 10
8 11
11 14
3 4 13
2 5 8
7 8 13 15
2 7 9 11 12
2 6 9 10 13 14
1 10 12
5 11 14
3 5 12
3 6 12
1 2 11
2 6 8 11 12
3 6 10
3 6 8 11
2 3 4 7 8
1 5 9 10 14
3 14 15
2 10 12
3 12 14
1 7 10 11 12 13
2 3 5 7 9 14
2 8 9 12
2 4 14
1 2 11
3 5 7 8 15
2 3 8 11
3 4 6 8 14 15
2 10
9 11 15
1 3 14 15
1 3 6 12 15
7 8
8
4 13 14 15
1 3 6 9 10 15
2
4 5
7 14
10 15
1 3 8
9 12 13 14
4 8
7 10
7 13
1 3 5 6 8 13
2 7 15
8 14
4 8
2 4 5 11 12
5 9 11 13 14
3
1 8 11
3 10 12 15
1 7
5 7 9 13
5 14
5 14
3 4 6 11 12 13 14
1 8 9 12
2 9
4 11 15
4 6 7
3 9
2 4 8 13
2 4 6 8 9 10 14 15
9 14
1 4 5 10 14
1 3 9 10 12
1 4 6 7 12
1 2 7 8 11 14
3 8 12 13 15
2 4 6 15
6 11 12 13
1 4 5 13
2 5 9 11 14
6 8 12 14
4 5 8 9 10 14
3 8
7 9 12 13 15
5 6 7 14
2 5 9 15
3 10 11 13 14
6 7 8 9 11 13 14 15
6 10 13
1 2 3 12 13 14
8 9 12 14 15
2 12 15
7 8 9 13
12 13
1 9
5 7 13 15
1 11 12 14
1 6
1 10
8 10 13 15
2 4 14
12 15
4 7 8 9 12 14 15
2 7 8 10 12 14 15
4 8
2 6 8 11
8
1 3 6 13
1 4 8 12 13 14
1 2 6 12
1 5 11 13 14
1 2 14
8 12 15
4 9 12
7 9 10 11
3 7 10 12 15
1 8 12 13
2 5 8 12
9 10
12 13
2 3 11
6 7 11
7 10 12 13 15
11 13
3 4 5 6 11
5 8
12 15
2 4 7 10 11
4 11 12
11 13 15
4 7 8 15
1 2 7 8 14
1 5 6 10 12 13 14 15
1 3 7 11 12
7 9 10 14
2 4
6 8 10
3 15
1 2 6 7 8 13
6 10 15
4 15
4 10 13
12
14 15
3 8 12
3
1 5 14
5 11 14
1 2 5
5 7 9 10 13
3 4
2 11 12 13 14 15
2
3 4 5 8 10 15
1 7 10 11
3 12 13
1 4 8 14
1 3 4 5 15
15
8
2 5 8
3 6 7 8 12 15
5
1 4 7 8 9 12
11
3 13
2 4 9 10 11 15
1 8 11 12
3 10 11 12 15
2 5 8 12 14
1 4 7 13
1 2 5 6 9
1 6 14
1 2 6 7
3 4 14
1 12
3 5 7 9 14
1 3 6 11 12
1 3 4 9 10 11
1 5 13
2 4 5 8 10 13
12 15
1 9
2 3 13 15
1 3 4 12 14
1 2 4 10 12
4 6 7 11 13 14
4 6 12 13
2 5 11 13
