8 10
2 6 8
4 7 10
13
4 14
10 12
3
4 7 10
9 13
3 6 7 8 11 12 13 15
3 7 12
1 4 5 6
10 14
1 14
6 15
5 7 8 13
2 5 7
10 12
4 7 12
3 11
1 3 5 8
6 10 13 14
5 6 15
1 5 6
2 4 15
2 13 14
1 2 4 5 6 10 13
3 4 14
10 12
1 2 3 4 11
7 13
2 8 9 10 11 12 15
4 10 15
2 7
4 8 9 13
11
3 4 14 15
7 11
2 7 8 10 14
3 6 8 11
8
1 3 6 7 13
5 8 11
6 12
4 13
8 13 14
3 7 8 12 13
8 12
4 5 7 9 14
2 7 12 13 15
7 13
1 6 9 12
5 6 9 13 14
3 4 5 7 8 15
2 4 5 6 9 14
1 2 10 12
13 15
2 14
6 14
7 13
1 2 3 6 11 14
5 9
2 6 9 10
4
8
7 8 10 13 14
1 8 9 11 12 15
1 12 14
2 6 8 9 12
1 11
8 11 12 15
8 14
4 5
3 11 13
2 4 5 6 14
7 8 9 12 13
5 9 10 13
5 7 9
5 12 13
3 4 7 9 12 13 15
2 14
2 4
12
1 12
4
11 15
1 2 4 7 11
1 4 6 9 11 13
5 9 13
8 11 12
4 11
2 11
2 13
1 2 15
1 2 7 10 12
7 8 10 11 14
1
3 6 7
12 15
7 8
10 11
12 13
6
6 10 14
2 4 10 11 12 14
1 3
1 8 9
1 13
9 12
1 10 11 15
8 11
10
3 10
1 3 7 12 13 14 15
6 7 14
4 9 13 15
2 5 7
5 9 13 15
1 6 14
1 3 14 15
1 13
5 8 13
6 7 13
7 11 13
2 15
5 8 9 13 15
6 12 13
1 2 10 14 15
3 6 11
6 7
4 6 8 9 10 11
4 9 13
4 7
3 5 6
1 4 13
4 10
2 3 4 5 6 15
5 8 10 12
3 6 11
5 9
4 7 14
5 9
5 6 7 15
3 6 10
3 13 14
2 7 10 13
2 6 14 15
7 9 14
2 7 11
2 3 5 12 13
8 14
7 11
2 3 6 13
1 3 15
1 11
5 6 11 15
2 11 14
1 7 14
4 7 10 13
2 9 12
2 3 12
1 2 6 7
4 8 15
3 6 9
4 5 11 13
1 3 6 9
2 10 14
1 2 4 5 11 13
2 3 4 8 9 10 12 15
6 10 11
4 5 7 8 9
2 4 8 10
5 7 10 11 12
4 5 14
8 9
2 7
1 13 15
2 6 11 12 13
2 6 8 9 10 11 13 14
3 6 8 9 15
6
2 3 4 6
2 4 13
10 13
2 7
12
2
1 3 5 11 12 13 14
8 12 14 15
5 11
7 9 15
3 4 7 8
9
4 9 11 12
7 9
4 5
3 4 9 12
2 11
4 8
5 6 8 9 11
