4
7
4
9
3
1
15
2
4
10
14
12
5
8
11
8
7
13
1
3
11 15
1
11
10
5
10
7
2
3
2 11
4
6
15
3 5 9
5 11 13
10
5
3 6
7 11
2
6
10
4 6 11
8
8
2
1
6 13
5
11
2
12
2 12
10
12
5
8
3 8
9
14
5 15
10
6
8
11
14
6
12
1
9
10
7
2 6
12 15
5 11
5
4
7
15
3
8
8
12
13
13
13
1 2
5
5 13
10
13
4
15
13
7
9
3 10
5 7
6 11
1 12
5
6
6 13
14
11
3
12
6
3
1
14
9
3
12
10
9
12
14
1
3
4
2
3
5
7 14
10
2
6 11
12
13
4 14
5 9 14
9
9
11
13
12
6
1
5 12 14
1 8
9 12
5 11
8
6
4
9
4
4 9
1
11
8
15
14
7
12
4
3
6 12 13
10
6 7 11
3 11 14
1 5
1 14
2 10
2 3 13
8
4
12
8 12
15
9
2
6 14
14 15
5 14
13
8 10
1 3 5
6 14
5 7 8
4 12
11
4
9
2 5
2 14
5
7
4 15
1
9
9
1 13
4 5
10 15
15
4
9
2
