2 6 9 10 15
2 3 4 10 15
7 10 12 15
12
6 9
13 14
6 15
10 12
1 3 4 10
10 14 15
9
10 11 15
7 10 15
2 12
1 3 8
2 4
2
2 4
4 9 10
5 6 7
10 14
6 7 9 10
8
8 9 10 11
5 7 13
6 15
14
4 6
2 5 14
3 6 9 12 15
7
5
1 13 14
9 11 12 15
1 6 8 12
4 6
5 7 9 15
6 13
1 8
2
15
2 5 7 10
2 5
3 8 11
5 10
1 3
10
9 12
8 11 13
9 14 15
14 15
3 13
14
1 7 8 13 14 15
9 10
4 11
2 4 8
2
5 6
9 10
6
9 11 14
7 13 15
2 3 9
12
7
4 5 9 10
3 4 9 14
1 4 5
1
3 8
1 8 15
3 5 11
1 3 15
11
6 11
15
4 5 9 10 14
7
1 3
3
6 13
5 13 14 15
6 7
2 10
3
4
2
3 12
9 12
12
7 8 12 13
7 10 12
1 3 4 8
8 11 14
4 8 11 14
8 9
5 9 12 14
1 4 11 13
5 10
4 11 13 15
14
3 9 10 14
12
7 11
1 2 8 9 10
7 11 13 15
4
7
8 14
14
7 12 13 14 15
4
1 5 8
14
3
1 2 6 9 12 13
8 12
5
9 13
1 9 12
5 11 13
1 6 14
1 10 11
3 7 12 14
5
1 12
1 6 15
4 6 11
1
11 13
14
6 7 9
1
5
1 6
2 11
2 8 9 11
3 5 8
3 11
1 5 10
2 4 10
5 6 15
8 10 11 12 14
3 5 14
2 3 10 11 12 13
3 5 13
1 2 12
6
1 3 4 11
12 14
2 3 4 6 14
8 9 12
2 4 6
1 2
1 3 5 9 11 12
4
1 14
4 14
5 6
15
1 12 13 14
4 6
7 15
2 10
1 6 12 15
9 11 14
2 4 6 7 10 12
4 7 12
1
9 12 15
2 4 9 10 12 15
7 13
6 10
1 14
5 6 12
4 5 6
3 5 6 7 8 13
1 13
1 6 11
8 10
11 12
4 7 8 12
1 10
8 9 11 13
8
3 7
3
1 14
7 12
1
5 7
2
11 13
8
11
8 13 14
5
8 10 14
3 10 15
