8
3
15
3 4
8
6 15
11
6
8 15
4
10
1 3 6 14 15
12
7 8
6 15
11
2 3 14
2
4 10
10
2 3
10
1 6
3 5
8
4 9 14
8
7 13
3 6
6
2 5 7 8 12
4 12
2 9 13
6
4 14
5
6 12
3 10
5 15
1 12 15
6 8 12
15
11
3
12
1 3
6
8
6 9
12
1 7 9
8
13 14
3
2 10
9
5 6
5
4 5
5 14
14
4 6 13 15
1 5 7 8
2
7
5
10
9
10 15
5
12 14 15
7 11
4 14
7 8
3 8 10
3 15
5 12 15
10 14
6
5
7
4 13
13
1 4
9
10
5
2 12
2
12
6
7 12 15
4
8 10
1 3 11
1 10 14
10
3 11 15
1 3 7
3 9
7
15
6 11
8 13
5
14
2
4 12
2 10
1
6 10
7 10 11
2 12
12
11
10
11
1 3 6 13
14
4
2 14
3 10
1
13 15
6 9 11
15
3 11 14
10
14
4 7
3
3 4 15
13
1 14
2 3 5 7 8 13
7
4
5 9
7 9
5 7
6
3 14
2 3
7
6 11 13
12
4 14
3 8
10 15
4 12
9 11 12
1 13
10 11 12
9
8 9
15
14
6 11 12
14
12
9 10
8 12 15
11 12 15
6 13 15
11 13
8
2
6 8 14
2 6
5 8 15
8 12
3 13
3
5
13 14
10 11
12 14
2 8 12 14
5 12
1
9
4 12
2 6
12 13
3 15
10
12
6 7
6
8 9
6
9 14
1 4 7
5 8 15
2 12 14
1 6
11 12 14
2
5
6 14
