1 2 3 4 8 9 10
1 3 7 9 12 14 15
2 7 10 12 13
4 6 8 14
5 6 9 15
5 6 11 12 14 15
7 8 12 13 15
5 9 12 14
2 14
4
4 6 9 10 11 12 13
3 4 7 9 10 11
3 10 11 14
15
2 5 6 9 14
7 8 9 10 15
4 15
8 11
6 11
2 3 5
2 5 9 10
1 6 9 10 12 15
2 5 6 10 11 12
3 8 9 15
3 4 8 9 13
1 4 6 7 9 14
5 8 9
2 4 11
2 7 10 14
2 10
2 4 10
1 2 8 9 10 15
5 14
2 4 5 6 7
4 6
3 8 12 13 14
3 4 5 12
1 3 4 6 8 11 12 13 15
1 8 9 14
2 8 9 10 13 14
1 3 6 10 12 13 15
2 3 4 7 14
3 6 8
2 3 8 9 11 12 13 14
3 6 7 13 14
12 15
1 5 8 14
2 3 15
11 13
1 4 5 8 10 12 13 14
9 13 14
5 10 15
2 11 14 15
4 6 7 10 12
1 4 6 11
1 2 10 13
2 6 7 8 11
10 11 15
2 8 9
4 9 15
3 6 7 11 12 14
2 7 10
1 6 7 8 12
3 7 12 13
8 14 15
4 10 11 12 14
1 8 9
6 8 11
5 12 13
9 14 15
4 6 10 14
8 10 12
6 9 11 12 13
1 2 8 10 15
4 5 9 10
3 8 10 12
1 3 9 11 13
2 8 13
3 4 6 7 9 10 11 14
5 6 8
2 4 11
1 3 4 6 11 14
1 2 5 6 7 8 12 13
4 6 7 8
9 10 11 13
5 6 9 12
1 4 7 8 10 11 15
1 5
7 9 10 11 12 13 14 15
2 4 7 8 9 13
4 10 11 12 15
1 5 8 9 10 12 15
3 4 12 13 14
2 3 5 8 9 12
3 4 9 10 11 15
2 7 12 13
9 14 15
4 7 11 12
1 2 6 7 8 10
5 15
11 12 15
5 6 8 11 13
1 11 12 13
2 3 13 15
1 2 9 14 15
4 5 7 11 12
1 2 7 8 9 13 14
10 11 14
5 11 12 14
7 9 13 15
3 7 13
9 12 13 14
6 8 9 10 13
3 10 11 12
1 2 5 7 11 12 14 15
3 9 10 11 14 15
9 12 13
4 5 6 7 11
1 2 7 8 10 11 14
1 6 7
2 3 4 8 10 11 12 13 14 15
5 9 11
3 5 7 8 9 13 14
4 8 9 10 11 14
3 4 9
1 4 11 12 14
4 5 8 9
1 7 9 14
1 3 9 12
2 3 5 9 11 13
2 3 9 10
8 11
4 5 8 11 13 14
2 3 6 7 10 11 12 13 14
1 9 12
1 5 11 13 15
4 10 11 13
2 6 8 11
4 7 9 11
1 3 11 12
3 5 6 9 11 15
1 4 7 9 11 12 14
2 6 7 9 14
4 10 12
3 4 5 10 12
1 12 14 15
1 3 7
3 4 6 11
1 5 9 11 15
8 13 14 15
4 10 11 15
2 3 6 10
3 6 8 10
5 10 11 15
1 3 4 6 8 9 10 11 14
5 8 14 15
1 6 7 8 9
3 8 11 12 13
3 4 11 12 14
6 7 8 10 14
9 10 13 14
7 13
2 3 4 7 8 10 15
1 2 12
3 5 6 7 12 13 14
2 10 15
1 6 12 13 14 15
2 12 13 14 15
3 4 6 10 11 12 15
2 3 4 9 13 14
1 2 7 10 11 13 15
3 4 6
1 5 11 13
7 11
4 6 10 14 15
2 4 6 10 13
4 9 12 15
2 4 9 11 12 15
1 3 6 8 11 13 14
1 3 4 6 10 12 14
6 12 13 15
2 6 10 11
1 2 4 7 9 12
2 3 5 8 14
1 2 5 8 13
3 5 7 9
1 2 3 4 8 10 11
1 4 5 8 9 14
1 3 8 9 11
6 8
4 5 8 10 15
6 7 11 12 13 14
3 9 11 13 14 15
1 3 4 15
4 8 10
6 7
2 8 9 13 14
2 3 8 12
6 11
3 5 7 8
