2 3 4 5 7 9 10 12 13 14 15
3 9 10 11 13 14
1 2 3 4 6 8 9 10 13 14
1 3 4 5 6 8 9 10 11 12 13 15
3 4 5 6 9 10 15
2 3 5 6 7 9 11 12 13 14 15
1 2 4 5 6 7 8 9 10 11 12 13 14
2 3 4 6 7 10 11 12 13 14
1 2 3 4 5 6 7 11 12 13 15
6 8 10 11 12 13 14 15
3 4 5 6 9 10 11 12 13 14 15
1 2 3 4 12 13 14 15
3 4 6 7 10 12 13 15
1 2 4 5 6 8 9 10 11 12
3 4 5 9 13 14 15
1 3 5 9 10 11 12 13 14 15
1 3 5 7 8 10 11 15
1 3 4 5 6 7 9 10 11 13 14 15
2 3 6 7 8 9 11 13 15
4 5 6 7 8 9 10 12 13 14 15
1 2 3 6 7 9 10 11 13 14 15
1 2 3 4 6 7 8 10 11 12 14
1 2 3 4 5 6 7 8 10 11 12 14
1 2 6 7 8 9 10 12 13 14 15
2 4 5 6 7 8 9 10 14 15
2 3 5 6 9 10 11 12 13 14 15
1 2 4 6 8 9 11 12 13 14 15
1 2 3 5 6 7 8 9 14 15
2 4 5 6 8 9 11 12 13 14 15
2 3 4 5 6 7 8 10 11 12 13 14
1 2 3 5 6 7 8 9 10 11 12 15
3 4 5 7 8 9 11 15
1 4 6 7 8 9 10 13 14 15
2 3 4 5 6 7 8 10 11 12 13 15
1 3 4 7 8 9 12 13 14 15
2 3 4 6 7 8 9 10 11 13 15
1 2 3 4 5 7 8 9 10 11 13
2 4 5 6 8 9 10 11 13 14 15
1 2 4 6 7 8 9 10 12 13 14
2 3 4 5 6 7 8 9 10 11 13 14 15
1 2 3 5 6 10 11 12 14 15
1 2 5 6 7 8 9 11 12 13 14
1 2 5 6 8 9 10 11 12 15
1 3 4 12 13 15
4 5 6 9 10 11 12 13 15
1 2 3 4 7 8 9 11 14
1 3 5 6 7 8 9 10 15
1 3 5 7 8 12 13 15
1 2 4 5 13 14 15
2 3 5 6 8 11 12
1 3 5 9 12 14 15
1 2 3 4 6 7 8 9 11 14 15
2 3 4 6 7 8 9 10 13 14 15
2 5 6 7 9 14 15
1 3 10 11 12 14 15
2 4 7 8 9 11 13 14 15
1 2 4 6 7 8 9 10 11 12 14 15
1 2 3 5 6 7 8 9 10 12 13 15
1 2 3 4 7 8 9 10 11 12 13 14 15
1 2 3 7 8 10 11 13 14 15
2 3 4 5 6 8 9 10 12 13 15
2 3 4 8 9 10 11 13 14 15
1 3 5 8 10 11 12 13 14 15
1 2 5 6 8 11 13 15
1 2 4 5 7 8 11 12 13
1 2 4 5 6 7 11 13 14 15
1 2 3 4 5 6 7 9 10 11 12 13
2 3 4 5 7 8 11 15
1 4 5 6 9 10 11 15
3 4 5 6 9 12 13 15
1 6 8 9 10 12 13 15
2 3 4 5 6 7 8 9 10 13 15
2 3 4 5 6 7 10 11 14
2 4 5 6 7 9 12 13 15
1 3 4 6 8 11 12 13 15
1 3 5 8 9 11 12 14 15
4 5 6 8 11 12 14 15
1 4 5 6 7 8 9 10 11 12 13 15
1 3 4 6 7 8 10 11 12 14
2 3 6 7 8 10 12 14
2 3 6 7 8 9 10 11 12 13 14 15
3 5 6 8 9 10 12
2 3 4 6 7 8 10 11 14 15
1 2 3 4 5 6 9 12 13 14 15
1 3 5 6 7 9 10 11 13 14 15
1 4 5 6 7 9 14
1 2 4 8 9 10 11 13 15
1 2 4 5 8 10 11 12 14 15
3 6 7 8 10 11 12 13 14 15
1 3 5 6 9 10 12 13 14 15
2 4 5 7 8 10 11 12 13 14 15
2 5 6 8 9 10 12 13 14
1 3 4 5 6 7 9 10 11 12 13 14 15
2 3 5 7 8 10
3 4 5 6 7 8 9 10 11 12 13 14
2 3 4 5 6 7 8 9 10 11 12 13 14 15
2 4 7 8 10 11 13 14
1 2 5 6 7 8 10 13 14 15
1 6 7 8 9 12 13
1 2 5 6 8 9 10 11 14
1 2 3 4 5 6 7 8 11 13 14 15
1 2 3 5 6 7 9 10 11 13
1 4 6 9 10 12 13 14 15
1 3 4 6 7 8 9 10 11 12 13 14 15
1 2 3 4 5 6 7 8 10 15
1 2 7 9 11 12 13 14 15
4 5 9 10 12
1 2 3 5 6 9 10 12 13 14 15
1 2 3 4 6 7 8 9 10 11 12 14 15
2 3 4 5 6 9 11 12 15
4 5 6 7 8 10 11 13 14 15
2 3 4 5 6 7 8 9 10 11 12 13 15
1 2 3 6 7 8 9 11 12 13 14 15
1 2 4 8 13 14 15
1 2 3 6 8 9 11 12 13 14 15
1 2 3 4 5 6 7 8 9 10 11 13 14
2 3 4 5 6 8 9 10 11 12 15
3 4 6 8 10 12 13 14
1 4 6 8 9 10 12 14 15
2 3 4 6 7 8 11 12 13
2 3 4 7 8 12 13 14
4 6 7 8 13 14 15
1 2 3 4 5 7 8 9 12 13 14 15
1 2 5 6 9 10 11 14 15
1 2 3 5 6 7 8 9 10 11 13
1 2 3 5 6 8 9 11 15
2 3 4 8 9 11 12 13 15
1 2 3 6 8 9 10 11 12 13 14
1 2 3 5 7 10 11 12 13 14 15
1 3 4 6 7 8 9 10 11 12 13 15
2 3 5 7 8 9 10 11 13 14
2 3 5 6 7 8 9 12 13 14
1 2 3 5 6 7 10 12 14 15
1 2 3 4 6 7 8 9 10 12 15
1 2 4 5 7 8 10 11 12 14
1 2 5 6 7 9 11 12 14 15
1 2 6 8 9 10 11 13 15
1 4 6 7 8 10 11 12 14 15
1 3 4 5 6 8 13 14 15
1 3 5 6 7 8 9 10 11 12 13 15
1 2 4 6 8 9 11 12 14 15
1 3 5 7 8 9 10 13 14
1 3 8 9 12 13 14
2 3 4 6 7 8 9 10 14 15
2 6 7 8 10 12 13 14
2 4 7 9 10 11 12 13 14 15
1 2 3 5 6 8 10 11 12 13 14 15
2 5 6 7 9 10 11 12 13 14 15
1 3 4 6 7 8 9 11 12 13 15
1 2 3 4 5 6 7 9 10 12 13 14 15
1 3 5 6 8 10 12
4 5 6 7 8 9 10 11
1 2 6 8 9 10 12 15
1 4 5 6 7 8 9 10 11
1 2 5 6 7 8 11 12 13 15
1 3 5 7 8 10 11 14 15
1 2 7 8 9 10 11 13 14
1 2 4 5 7 8 10 11 14 15
3 4 6 7 10 13 15
1 3 4 5 8 10 11 12 13 15
4 5 6 9 10 11 12 14 15
2 3 4 5 6 7 8 9 11 12 13 14
1 2 5 6 7 8 9 11 12 14
1 2 3 4 6 7 8 9 12 13 15
1 2 6 7 9 12 13 14 15
2 3 4 5 7 8 9 10 12 13 14
1 2 3 5 6 7 8 10 11 13 15
1 3 5 9 10 11 12 14
1 3 4 7 8 9 10
1 2 3 5 8 10 11 14
1 2 3 6 7 8 11 12 13 14 15
1 2 4 5 6 8 9 10 11 12 13 14 15
1 3 4 7 8 9 14
1 3 6 7 9 10 11 12 13 15
1 2 3 4 6 7 8 9 10 11 13 14 15
1 2 3 4 5 7 9 10 12 13 15
1 3 6 8 9 11 13 14 15
1 3 4 5 6 7 8 9 10 11 12 13 14 15
1 2 3 4 5 6 8 10 11 12 13 14
1 3 4 6 9 11 12 13 15
2 3 4 5 6 7 8 10 11 12 13
3 5 6 9 10 12 14 15
3 4 5 7 8 10 12 14 15
1 2 3 5 8 9 10 11 13 14 15
1 2 6 7 10 11 12 14
1 2 3 5 6 7 9 10 12 13
1 3 4 5 7 9 10 12 13 14
1 2 6 7 12 13 14 15
1 3 4 5 6 7 8 9 11 12 13 14 15
1 2 4 5 6 7 9 10 11 12 14 15
3 4 7 8 10 11 12 13 14 15
1 2 7 8 10 11 13 14 15
1 4 5 6 7 8 9 10 11 14 15
1 2 3 4 5 7 8 10 11 13 14
1 4 5 7 8 10 11 12 13 14 15
3 7 8 9 11 12 14
3 4 5 6 7 9 10 11 13 14
1 2 3 4 6 7 8 9 10 11 12 15
2 3 6 7 8 9 10 11 13 14
1 3 4 5 7 8 9 10 11 12 13 14 15
