6 11
1 7 13 15
10
5
9
11 15
11
2 13
9 11
5 9
4 12
10
6
2
13
1
4 8
3 10
7 12
4
3 5 7 8
6 10
4
3
5 9 12
11
9
8 13
5 11
5 7 9
1
3 9 10
10 12
1 3
1 4 5 12
14
5 9 13 15
6 8
7
3 6 12 13
3 10
2 5 9
4
6 9
2
9
1
1 7 13
1 13
4 7 10
4 7
8
2
6
3 9
3 5 7
4 6
6 7
12
7 10 13
6 9
15
3
5
12
5 14
5
13
12 14
11
13
3 5 8
7 11
10
12
6 10 14
6
7
2
4 10
10 11 12 13
8
15
8 11
2
11 14
1 7
5 9 13
3 10
8 9
10
11
10
2 15
3 8
3 11
11 15
5 8 15
1 3
2 3 5 7 12 15
5 10
4
4 10
2 5 13
7
8
2 7
2 8 9
1
3 14 15
2 6 12 14
10 11
9 14
11
1 9
3 11 14
7 11
3 5
1
5 7 10
2 13
3
6
5 10
2
4 6
2 4
10
11
7
12
4 6 11
11 12 13 14
3
13
2 4 8
3 12
4 12
7 14
7
12
7
10
3 8
4 10
11
2 15
2 4 5 7 13
12
8
8
8 10
7
1 7 10 14
3 5
1
2
6
4 12
14
11
1 2 7 15
3
9 10 12
3
1 4 9 10
1 14
1 8
3 12
8 13 14
13
10 14
5 10 14
4 7
14
7
4 10 11
1 15
1 8 9 12 15
12
10
9 14
2 8
8
8 13
13
8
2 3 12
14
11
2 5 8 13
7
8
5
3 6 7 9 10 15
14
9
6
7 10 14
4 14
