4 6 11 12
3 9
3 10
1 4 7
3 6 8 9 15
2 11
3 12
1 2 6 14
3 10
1 3 4 6 8 13
1 11 13
3 15
4 8 11 15
4 6 7 13
2 5 9 11 13
5 12 14 15
1 7 9 11
6 9 13
6 9 10 14
3 6 7 14
3 8 13
6 13
8 10 12
2 5 8
8 9
3 8 13
1 5 10 14
5 8 12
8 11 13 14
6 14
6 7 10 13
12 15
8
6
9 15
3 14
11
1 4 8 10 12
6 8 13
1 2
4 5 7 11
2 8 11 13
7 10
3 6 7 11 13
6 9
2 3 13 14
2 12 13
9
2 14
10 11
9 15
7
6 9 11 12
1 3 7 13
1 6
5 6 8
2
3 7 11 13
8 9
9 15
1 4 7 8
3 4 9
2 6 7 10 14
2 5 10
8 10
8 9
10
1 9 12
12
4 14
4 9
1 4
7 8
14
3 5 6 10 11
4 5 6 7 8 9 13
1 3 8 13
3 5
1 3 5 9
3 5 9 12 15
1 2 3 6 9 11
6 12
3
4 14
14
1 4 6 8 10 13
2 4 6 7 8 9 10
11 12
1 8 11
8 14
2 9 14
2 4 8 15
6 8 9 12
1
9 13
8 12 13
2 4 6 9 15
1 3 4 6
9 10
1 7 13 14
3 5
7 10
8 12
1 2 15
12 15
2 3 4 11 13
1 4 6 7 13
2 4 6 7 8 11
3 6 9 11 13
7 10
5 6 10 13
3 6 12 14
3 8 9
5 14
2 7
8 13
1 7 8 9
8
5
14
3 6 8
1 2
2 9 12 15
5 8 9 12 13
1 3 7 9 15
1 13
6 12
4 8 9
2 6 10
4 5 8 15
7 8 14 15
5
1 2 12
5
2 6 15
6 9
5 10
7 15
5 6
1 5 13 15
10 14 15
7 10 12 15
6
5 13 15
3 11
1 9
3 7 8
1 3 14
1 10 11 12
4 7 15
7 9 10 12
2 9 15
4 12
1 2 10
5 11
2 10 11
2 4 6 8 9 12 13
3 4 6 15
2 8 9 10
4 6 10 12
2 3 6 10
9 12
1 6 9 14
1 3 7 8 11 14 15
4 9 15
4 9 11 14
1 8 10
1 2 4 6 11 13
1 2 14
4
4 9
2 9
1 4 15
5 7
2 7 9 15
2 3 8 10 13
2 5 6 10 14 15
5 7 14
6 12 15
6 8 9
3 11 13
3 14
6 7 13 15
6 7 9 13
7 9 15
13
1 7
6 9 13
9
4 11 15
2 8
1 4 6
7 8 12
1 4 9
1 7 11
1
10
2 7 10 11
3 12 14 15
4 6 8
