1 4 12 15
1 2 8
4 8
1 4
1 3 7 8 11 14
2 7 14
4 7 10 13
3 4 14
4 5 6 10 13 14 15
1 2 5 9 14
2 3 5 6 7 11 15
1 13 14 15
3 4
3 4 6 8 12 15
1 3 5 7 8 12 13 14
12 13
2 6 9 13
4 6 10 12
2 3 4 9 14
1 3 4 5 7 10
4 7 10 15
1 2 11
6 7 8 11 13 14
1
3 8 9 10 11
2 4 6 8 11
1 4 9
3 10 11 13
1 9 10
4 13
4 9 11 13
1 6 13
2 3 5 7 13
2 3 4 5 9 11 13
1 2 3 7 9 10 14
6 7 8 11
4 6 10 11
4 5 6 13
3 4 8 9 10 12 15
1 3 11 14
7 8 11
6 7 10 14
4 5 7 9 13 15
1 2 3 6 7 8 11 13 14 15
2 6 7 10 11
1 2 9 15
8 10 12 14 15
1 5 6 9
6 9 12
6 12
12 13 14
1 3 5 6 14
6 9
2 9 12 14 15
1 10 11 13
1 2 4 5 7 9 10 11 13
9 10 15
3 6 7 8 10 11 14
3 4 7 9 11 12
1 2 5 6 9 12 14
1 3 5 6 11 13 15
4 10 12 14
11 13
2 4 6
1 7 9 14
1 4 15
1 5 7
4 5 6 7 9 12 13
3 4 5 6 12
2 5 8 9 13 14 15
2 3
3 4 13
3 4 8 14 15
1 2 3 6 9 12 13 14 15
4 15
4 5 10 13
1 6 8 9 11
5 6 11 14
3 6 9 11 15
2 3 6 10 14
3 4 8 10
2 6 8
4 10 13
8 9 13 14 15
3 7 8 10 15
4 5 6 7 9 11 12 13 15
5 11
1 2 6 7 13 14
2 3 5 6 7 10 11 12 15
1 4 6 14
2 6 10 12 15
1 2 3 4 8 9 11 13
2 5 11 13
7 11 14
6 7 13 14
3 4 8 11 13 15
4 8 9 11 14
3 4 5 11 13
1 9 12
2 4 11
3
5 6 7 12
1 2 3 6 10 13
1 5
1 6 8
5 9
2 5 10 11 15
9 15
1 5 8 9 10 14
10 12 15
3 8 10 12 13 15
4 6 8 9 12
1 2 4 5 7 10 11 14 15
2 3 5 7 8
2 4 11 12 13 14
2 7 9 11 12 13
3 8 10 11 14
3 4 5 8 11
3 6 8 10 13
3 5 9 14
7 13
1 10 11 14
3 9 13 15
3 5 8 10 12
4 5 8 11 12
2 5 6 12
1 3 5 6 7
5 11 14
5 7 8 11 12 14
4 7 8 14
1 4 7 9 12
1 5 6 11
3 5 6 10 13
5 6 8
7 8 12
2 3 4 6 9 12 13
4 7 8 9 12
3 12 14
3 4 7 9 12 13
7 13
4 7 8 9 10 11
7 9 11 14
4 5 13 14 15
2 5 10 12 15
4 7 14
6 9 10
2 8 11 12 13 15
2 5 6 8 12 13 14 15
2 10 11 12 13 14 15
1 2 4 6 10 11 12 13
2 6 7 8 9 15
3 6 13
2 3 11 12 13 14
3 5 8 9 15
9 13 14 15
3 4 10 12
2 4 11 12 13 14
3 13 15
1 3 5 10 12 13
4 6 11 13
1 13
3 5 10 11 12 14
8 9 10
7
1 2 8 9 10 11 12
2 9 12
2 6 7 12 13
1 3 5 6 12 14
2 3 5 6 8 9 12
1 4 12 13
1 7
4 5 6 8 11
1 2 8 10 11 12
6 8 13 15
3 5 6 7 9 15
11
2 9 15
2 3 6 8 10 11 15
1 6 8 9 13
3 9 10 11
5 7 12 13 15
1 3 6 13 15
4 5 6 8 13 15
2 11 12
6 10 13
1 4
1 2 5 7
4 8 9 10 12
6
2 6 7 8 9 13 15
2 8 12
5 10 13 14
3 4 7 11 13 14 15
3 4 6 8 9 10 12
6 7 10 13 14
3 9 10 11 14
1 6 8 14
2 12 14
2
3 4
