13
11
11
13 15
10 12
5
6
11
9
6
1 2 9
6 8
1 10 13
2
7
1 3
1 4 13
15
13 15
5
12
3 7
15
3 8
10
9 12 13
13
5
2
8
10 15
3
6 7
6
1
12
7
9
3
2 7
10
3 5 13
7 9
5
7
8
12
11
7
2 12
6 9 13
4
1 13
3 11
12
11
12
14 15
10
5
14
6
11
3
1
8
10
12
11
11
1 5
14
8 10
7
1
14
6 9
15
12
3 9
8 9 10
10
12
14
13
2 14
12 15
3
5
6 13
3
12
10
9
12 13
3
2 9
5
1 9
15
15
7 8
10 15
2 11
6
10
12
3 11
3
10 12
14 15
11 12
15
1
15
6 15
5 8 13
8
1 4 15
4
7
2 5 10 12
6
8 12
1 15
5 6
9 11
8
6 12
12
15
2 10
8
11
10
7 10
10
10
8
7
15
12
11
4 13
13
5
1 6
7
3 6
13
13
1
3 9
14
13
5 9
3
2 15
9
11
14 15
12
11
8 11
14
4
11
5 12
14
14
9
13
4
13 14
3 12 15
10 12 15
4 6 14
12
10
9
1 12
7
12
12
2
11
1
11
10
11
1 6 12
2 4
3 11
12
15
6
6 10 12 14 15
4 5
6
8
