3 4 7 9 13
1 11
3 4 5 10
9
4 10 11
1 2 8 10 12 14
2 4 5
2 3 8 9 12
5 14 15
2 4 10 11
1 8 12 14
3 6
1 3 9 14 15
3 4 5 6 10 12 15
1 9 10
2 5 6 8
3 12
4 5 12 14
2 13
3 12 15
8 15
2 7 12
3 4 5 11 14
5 8 14
1 2 12 13 14
3 7 10 11 15
2 10 12
1 3 8
1 3 7 9
5 6 14
5 7 11 14
3 10 11 12
4 6 10 13 14 15
2 14
5 6 12
2 6
3 11
1 12
1 2 5 13 14
1 7 9 12 13
3
1
9
1 14
2 11
3 7 9 11
1 8 12 15
5 6 9
12 15
1 2 9
1 8 10
1 11 14
2 4 5 7 8
10 13 15
1
3 4 5 6 8 9 14
2 8 11 12 14
1 2 6 12
2 3 5 10
1 5 6 9 10
5 7 9 10
1 6 8
1 3 7 8
4
2 7 12 13
1 4 5 12 14
2 5 6 8 11
4 6
2 8 10 13 15
1 2 5 10 12 13 14
4 5 9 10 15
3 6 8 9 13
1 2 3 14
2 3 4 6 7
5 8 11
2 3 4 5 7 10 12
4 7 8 10 14
1 6
1 2 10 14
1 11
4 6 9 15
4 6 11
3 5 7 8 9 11 12
4 9 11 12
2 3 5 10 11
2 4
1 3 13
2 4 5 8 12
4 13 14
3 13
1 3 4 5 8 13 15
6 14 15
7 11 15
8
2 7 10
1 6
5 8 14
3 4 10 12 14
1 4 9 12
1 9 10 13 14
5 6 9
4 6 7
1 3 5 10 13 14
1 7 10
3 8
3 7 12 14
2 11 12
5 8 11
9 10 14
15
10 15
8 9 11 13 14
1 2 5 12 13 14
5 6
2 6 9 10 12
1 4 12 14
1 4 9 10 11 15
3 4 12 13
5 11
1 5 7 11
1 3 5 7 9 12
2 3 6 8 9
6 7 8 12 14
7 10 11 14 15
2 10 11 13 14
7
1 7 8 9 10
6 9
3 5
5 7 13 15
5 7 10 11 12 13 14
2 6 8 10 15
3 13
5 9 11 12
6 8 13
5 12 15
7 11
1 5 7 10 12 13
1 2 9 12 14
3 6 13
3 4 10 12 14 15
6 7 10
1 3 9
1 5
1
7 8
5 7 10 12 13 14
2 3 9
14
3 6 8 10
1 2
1 2 4 6 7 8 13
4 10 12
4 7 10 12 14 15
2 5 7 8 10 14
8 10 12
11
10
1 6 7 15
4 9 10 13
7 13 15
3 8 9 11 15
3 4 6 12
1 4 6 13 14
2 3 5 13 14 15
2 4 8 12
7 10
4 5 9 13 15
1 13 15
1 4 7 11 12 14
1 7 8 9 10
6 9 11
1 11 12 13
1 3 5 6 8 11
1 2 7 9 12
3 6 7 14
1 2 10 11
1 2 4 11 13 14 15
11
3 7 9 11 12
9 10
2 5 11
1 8 9
1 3 6 9
7 10 11
9 15
5 8 10 13
4 5 12
2 8 9 10 13 15
1 2 5 10
6 14
2 3 6
2 4 5 14 15
6 8 9 10 11 14 15
2 5 6
2 9 11
6 8 9 10
1 2 3 5 15
3 11 13
1 2 3 10 13
