12 14 15
5 6 9 14
1
14
1
1 3 7 9 13 15
5 8 9 10 13
3
11
8
2 4
13
1 6 13
1
3
7
11
11
2 4 5 10 15
3 4
8 13 15
5
5 13
15
1 4 6 14
6 13
9
6
3
5
6 14
3 5 7
9
7 8
4 10
11
7 13
2 8 9 12
4 13
7 9 10
5
8
4
1 2 6 7 10 11
1 8 9
9 11 12
2 7 11 12
3
7 8 13
3 5 12 13
1 2 11 13 15
4 7 13
7 8 12
2 3
11
11
3 7 10
11 13
2 5
5 6 9 10
3 11
2 9
6 13
4 11
3 14 15
5
2 15
4 6 14
6
1 2 4 10
12
5 6
6 9
14
2 11 14
2 9
11 12 15
3
9 13
6 11 13
4 10 13
3
1 9 10 15
3 6 14
2 5 15
5 6 11 15
2 14
2
3 5 7
1 6 7
3 5 6 10
12 13 15
2 8 13
2 6 11
1 2 6
2 11 15
15
5 8 13 14
5 6 11 12
12 15
8
3
6
6 14
1 6
2 9 10
1 4 10
6 14
12
6 10 12 15
3 5 8 9 13
1 7
5 6
3 6
3 4
1 5 12
4 6 15
14
7 10 12
1 5
4 6 7 10
10
6 11
2 8 10
1 6 8 14
1 8 10 14
6 11 14
2 8 11 12
1 4 9 15
10
6 12
3 5 10
8 11 15
4
2 4 5 6 9
6
3 8 11 14
3 5 13 14
6
7
6
3 6 11 12 14
5 7 12 15
3 6 9 13 14
2
5 6 15
9
5
5
3
4
2 6 15
1 8
3 12
8 15
11
4 11
1 4 7 9 10 15
11 14
1 2 4 8
1
4
5
5
6 15
4 7 12
8 11
9
4 12
3 7
5 13
7 11 15
6 13
4 9
8
4
11 14
3 6
1 4 9 11
2 10 11 12
13
1 12
4 8 9
9 10
10 11 15
1 2 4 14 15
9 10 15
8 11
15
7 14
1 3
11
4
6
14
7
13
8 11 12 13 14
3 12 13
3 5 10 11 13
