15
5 7 14
7
5 6
13
2 12 13
8 11 14
1 6 13
3 14
4 5 15
5 10 11
1 9
4 12 14
11
4 10
6 12 15
6 9
5 8 11
1 11 13
11 12
6 13 15
6 10
4 10
1 2 9
6 10 11
13
8 14
4
5
3 12 14
4 8
3 4 10 13
4 6 12
8
11 15
5
2 12
3 11
6 7
8 15
1 14
10
11
3 4 14 15
5 6 12 14
15
10
10
4
1 6 12
3 8
2 4 7 8 9 15
7 10 14 15
3 7 13
9
2 6
10
15
5 10 13 14
12
6 14
2 11 12
11
2 12
7
3 5
1 3 14
7
6 12 14
11
3
1 9 12
12 15
9 10
9
7 9 13
10 11 15
12 13
8 13
10
12 13 15
5 6 15
4 9 15
13
14
7
7 14
4 13
7 9
7
10
7 11
5
9 14
7
3 10
3
2 4 8
1
5
9
2
10
13
15
3 4 5 6
3 9
8
5 11
1 6 7 8
1
6 12 14
3 10 15
1 13
5 6
14
3
5 10 12
7 12 15
13
3
5 11 15
5
9 10 13
11
1 4 5
14
9 13
4 7
6 14
1
1
1 4 5 10
4 11 15
8
9 14 15
4
7
6
8 9 15
2 7 10 15
2
11 12
2 14
4 6 12
10 12
7 12
6 10 13
5 14
13
11 12
2 8
4 6
14 15
14
8 13
9
3 8
12
10 13
1 3 8
3
3 8 14 15
7 11
7
2 4 5 9
15
13
11 13
11
2 5
9
6 15
10
6
6
4 13
1 6
4 8 15
5 7 14
3
9 10
7 12 15
12
7
1
1
13
10
5 8 14
13
4 7
2 7
9
4 10
4 6
5 11 13
5 12
15
15
