1 4 7 14
3 4 5 14
2 4 6 12 15
4 5 6 8 10 15
2 3 7 9 14
2 9 11 14
4 7 9 11 12 14
1 6 10
1 3 9 14 15
1 3 4 5 7 8 10
1 6 7 8 9 10 12
2 6 9 10 11 15
2 8
4 6 9 10 12
2 5 6 8 10 15
1 3 5 6 8 13
3 10 11 12
1 4 5 6 9 11 12 13 14 15
1 2 3 4 6 8 13 14
6 7 10 14
1 2 15
4 7 10 11
1 3 4 7 9 14
3 4 9 11 12 14 15
2 5 6 8 9 12 13
2 4 7 8 9 11 12 13
1 5 7 9 12
1 3 5 12 13 15
1 3 6 11 15
8 10 12
2 6 8 12 14 15
5 6 7 8 14 15
6 7 15
1 2 11 15
3 8 9 15
2 4 7 10 11 12 15
4 9 10 11 12 13
1 3 4 5 7 10 14
1 3 9
3 5 7 9 10 11
1 4
9 14 15
1 2 10
9 11 14 15
4 5 7 8 9 13
1 3 4 5 10 11 12 14
4 6 7 9 15
2 3 5 9
2 4 7 9 12
2 3 6 7 8 9 10 11 13 14 15
1 3 5 6 10 11 12 15
5 9 13 15
1 7 14 15
2 4 7 8 13 15
12
1 4 5 7 14
1 4 13
1 2 6 13
2 3 4 5 6 11 12 13 14
1 11 15
4 5 6 10 13
3 6 7 8 11 13
2 9 15
1 3 5 6 8 9 15
8 11 12
2 6 7 9 12 15
1 2 7 11 14 15
1 4 8 9 11 12 13 15
1 5 6 8 9 11 14 15
2 3 5 6 7 10 11 13
7 9 11 15
1 3 5 10 15
2 3 6 12
1 3 5 6 9 14
2 13
1 4 6 8 9 10 12 14
3 6 10 12 14 15
1 3 5 14
2 4 5 7 13 14
1 2 4 6 9 14
4 5 9 12
1 2 4 9 12 14
1 2 4 5 7 8 9 10
1 2 5 11
6 12 15
8 9 11 12 15
3 5 6 7 10
1 4 6 8 10 13
3 5 6 8 9 12
3 4 7 10 11
3 6 8 12
1 2 3 4 9
1 8 9 10 11 12
2 6 11 12
2 5 8 11 14
2 5 7 8 9 12 13
2 3 8 13
6 8 12 14
1 3 4 6 7 12 14
2 3 7 8 11 14
1 2 10 13
2 11 13
7 11 13 14
1 8 9 13
1 2 7 13 15
1 4 5 7 9 11
10
2 5 9
1 2 7 8 10 11 14 15
2 3 5 6 10 12 13 14
4 7 10 12
1 3 4 9 13
1 3 5 6 10 11 12 13 15
1 2 3 4 9 15
3 5 13
6 7 8 10 11 12 14 15
2 9 15
1 2 3 4 6 12 13 14 15
3 11 15
1 2 5 8 11 13 15
1 2 4 6 8 10 11
6 9 12 13 15
6 8 9 10 11 12 15
1 5 9 10 11 14
8 12 14 15
2 4 5 7 8 14 15
3 4 8 10 11
3 9 11 12
3 4 6 9 11 15
1 3 7 8 14 15
3 5 8 9
6 10
3 11 12 13
4 7 9 12 15
1 2 6 8 9 15
4 8 10 12
1 2 7 9 14
1 5 9 10 11
2 3 4 7 11 12
3 7 11 12 15
4 9 11 12 13
2 4 15
1 9 15
6 7 15
2 4 5 7 10 13 14
1 3 4 5 8 10 11 12 15
1 5 6 7 9 11 12 14
9 10 13
1 5 10 12
3 4 6 8 9 10 11 12 13
2 3 5 6 9 13 15
2 4 6 7 8 12 13
1 4 5 6 8 11 12
5 7 9
1 3 4 5 6 9 11 14
6 11 13
1 4 5 7 9 11
2 8 11 15
1 2 12 13 15
3 7 8 9 10 12
2 3 7 9 10 12 13
1 4 6 7 8 11 12 13 14
1 8 9 10 11
1 7
1 12
2 11 13
1 5 14
12
3 9 13
1 5 7 10 14
6 7 9
1 2 9 14
8 10 11 12 15
4 7 11 12 13
7 8 12
1 5 6 10 11 14
2 4 7 11 13 15
5 6 11 15
1 7 11 15
1 2 4 5 6 9 13 14
1 2 3 5 10 11 12
2 3 6 11 14
1 5 6 8 9 12 14
1 2 4 8 9 13
2 4 12 14
6 10 14
2 3 4 5 12 13
2 3 5 6 9 10 13 15
3 7 8 9 10 13 15
5 6 7 12 15
1 5 6 7 8 11 13 14 15
15
2 5 8 12 13 15
5 6 8 9 11 14
3 5 7 10 12 13
5 6 8 14
2 6 7
2 5 7 10 12 15
2 9 13 14
3 8 9 10 11 14
