8 15
1 15
7 12
2 3 4 5 11
4 5 13 14
7 9 14
2 5 6 8
2 6 8 9 10 15
4 12 15
1 4
3 9 13
8 10 11
4
4 10 14
5 6 9 11
6 7
5 9 10
3 4 5 7 12
1 5 10
1 4 7 10
8 13
5 7 8 10 12
2 3 7 13
6 10
3 13
2 6 7 8 10 12
1 6 13
4 6
14 15
1 8
4 5 6 9
1 7 10 11 12
5 6 11
4 6 9 13
9 15
4 11
8 10 11 12 14
5 6 13
1 8 11 12
4 14
1 3 4 6 12
1 7
5 11
5 9 11
13 15
5 6 7 9 11
5 11
4 8
1 3 9
3 7 8
3 8 9
3 5
9 12
5 8
9 12 15
3 6
9
2 8 10 12 13 15
1 4 6
4 6 10 12 13
3 4 5 7 13
2 9 15
5 11
3 10 14
4 11
6 9 10 15
4
4 12 13
5 11
4 6 7 13
1 9
3 4
5 6 12 13 14
3 9 10
13
15
4 6 14
6 15
7 9
4 5 12 14
9
3 5 11 14
9 10 14
2 3 4 9
7
7 8 10 11 15
2 3 4 5
8 9 10
2 9 12 14
3 4 13 14 15
5 8 13 14
6 7 11 13
5
3 4 5 8
1 6 7 8 9 11
2 6 15
5 9 15
2 7
5
5 6 11 15
13
1 4 8 12 14 15
2 4 5 9 10 13 15
10
3 6 15
2 6 7 12
6
4 9 15
3 13
2 6 7 10
1
1 5 8 11
1 2 4 10 14 15
2 4 12
3 9
2 6
4
2 4 6 9 10 13 14
6
7 10
3 5 6 7 8 10 11
11 15
3 4
1 9 12 13
3 4 7 9 10 11 12
3 9 10 15
4 5 12 13 14 15
4 8 10
3 6 7 10 14
10 14 15
9 12
3 5 12 13 14
2 6 8
2 4 11
7 14
2 5 7 15
6 11 12 14 15
12 15
1 3 4 7 10
3 7 8 10 12 14
4 8 11 14
6
13
13 14 15
1 7 10
2 6 14 15
7 12
4 7 8
6
5
1 4 7 8 9 13
2 4 8 11
4 5 8 10 11 12
2 10
4
1 8 10
3 13
2 10 13
1 3 8 14
3 5 7 10 11
2 4 8 15
2 4 13
1 6 7 8 10 13
1 5 6
1 8 10 15
3 7 8 11 15
9 11 14
14
7 11 12 13
5
3
3 4 15
2 3 6 10
2 4 5 7 9
7 11 13
4
6
8 11
3 6 13
7 11 15
5 13 15
1 3 4 5 14 15
8 11 12
3 4
2 14
1 2 3 14
15
2 4
13
8 11
6 11
1 4
1 4 6 7 8
3 4 7 8 15
9 10
1 6 10
1 2
6 10
8
1 4 5 9 12
