5
1 6 8 9
1 2 9 11 13
1
11 12
4 10 12 14
7 11
3
4 7
4 10 12
10
7
9
1 3 5 6 12 15
6
11
2 4 8 9 13 14
3 4 8
5 11 15
13 14
6 12 15
4 6
1 14
7 8 14
8 9
2 4 7 11 12 13
6 9 13
3 4
6
8 10 11
7 8 11
2 3 9 14
3 4 5 10
3 7 13
3 9 12 14
12
2 5 13
6
8
11
4 9 12 14
2 12 14
3 7 13
6
3 14
5 9
4 5
1 5 6 8
6 7 8
1 5 6 9 11
5 6 7 12
9
2 6 12
9
13 15
5 7
2
5 8 11
4
2 3 10 13
3 7 12 14
7 14 15
14
4
2 4 6 11
1
4 9 12 13
5 7 14
1 3 9
11
4 9 10 11
2 6 7
13 14 15
7
2
1 5 11 14
1 11
4 6
3 9 11
1 13
2 11 15
12
1 2 8 10
2 7
1 2
8 15
6
6 7 9
6 11 12
13
2 8 13 15
3
2 5 6
3 4 13 14
11 15
9 10
3 7 8
10 15
2 9
6 9 11
7 14
1 4 5
12
9 13
1 5 10
1 3 7
1 7 9
5
13
1 3 6 8 15
8 13
5 7 13
4 5 14
1 2 4 13
4 6 15
11 12 14 15
2 12
9 13
6
10
5 9
9 10 11 12
3 4 6 9
5 9 14 15
8
1 2 9 11
6 14
5 9
8 9 10
1 2 10
1 5 8 11
4
15
3 13 15
5 8 9 11
1 2 3 6 15
10
6 9 11 14
5 6 8
3 11 12 13 14
1 2 9 15
14
3 5 9 11
4 6
3 8 12
2
1 2 5 12 13
7 11
1 2 5 9 10 11 12
1 4 9
6 8 15
13
1 7 15
7 10 13 14 15
4 5 15
11 12 15
8
9 15
11
12
7 11
5 8
8
2 8 13
5
12 13 14
10
1 10
14 15
5 8
2 8 10
5 12
7 13
3 14
3 4 5 14
9 11 15
1 12 15
4 5
4 5
2 5 7 9
1 5 9
5
15
4 5 15
4 11
13 14
8 9 12
13 15
1 4 9
2 6 8
7 9
9 11 12
4 12
1 5 6 15
4 8 9 14
3 5 8 12 15
6 15
3 12 13
2 3
2 4 5
