1
5 8
2
1
7
2
14
3
2 13
2
5
6
4 6
3
13 14 15
7 14
4
11 15
2
2 14
2
10 11 12
6 9 11
9 12
1 7
6
10 11 14
11
5
15
2 11 13
11
7
2 3
9
3 10
10
1
11 14
11
2
10
3 12
14
7 15
9 13
14
5 8
13
13
3
10
10
7
1 7 9 12
12
11
8 11
6
10
15
14
7
2 6
2
7
9
1 10
6
5
4
6
2 3
12
9 14
10 11
7
7 15
9
10
7
4
8
14
11
12
7
3 11
4
1 12
14
3 12
4
2
14
6 15
4
2 11 14
2
6
4
12
15
4
7
2
7
11
2
10 13
6
15
3
12
12
15
1 6 10
1 2
6
4
9
3 9
3
9
11
6
11
5
1
4 7
13
9
12
13
11
9 14
9
9
12
2 5
5
3 11
6
15
5 12
7
5
4 9
11
2
8
1
12
10
2 3 6
8
9
9
2
11
2 4
11
4 10 11
5 12
7 10 15
4
2
1 7
12
4 7
15
9
6 15
4 8
2 12
11
6 12
12
1 8 15
3 12
11 13
7
11 15
3
4 6 13
2
5
8
15
8
1
14
9
8
10
2 12
4 11
4
2 10 12
6 10
