3 11
14
7
14
3 8
3 11 14
12
3 4 7
1 2 6 7 11 15
4 11 12 15
4 5 6 12
1 14
1 12
9 10
11
5 9
9 11
3 4 5 14
2 13
10 11
7
6 11 13
13
10
3 4 11
3 5 11 12
1 3 4
1 4
2 10
2 8 10 13 15
8 11 13
4 5 11
3 5 14 15
13
7 11
6 8
9 14
6 7
1 8 9
4 7 10 14
14
1 14
8 9 11 14
7 9 11
2 9 12 15
1 2 6 8 11
2 6 8 11 13
6 15
12
5 8
13
5 6
11 12
1
8
12
2 5 15
6 9
3 12 13
4 10
3 7 15
6 7 15
2 6 8 14
9 11 13
6
2 6 14
10 14
2 6 9 11
3 4
1 13 14
1
3 4 9
1 8 11
2 12
3 8 9
6 7 12 15
9
3 6
11
4 9 11
6 8 12
3 4 6 10
15
15
5 6 9 12
5 9
5 11
1 4 5 11
4 11
14 15
1 5 12 14
12 14 15
10 12
4 5 6 10
1 6 15
3 4 12
12 13
2 9
3 7 9 10 12
2 4
2 6 11 15
4 14
6 7 8 13
2
5 7
9 15
1 9
5 7 11 13 15
7 11
9
14
4 5 9
8 9 10
5
7 9 11
12
8 13
1 2
2 4 11
6 12 14
1 15
1 5 13
5
7 10
8 11 12
3 7 13
1 5 6 10 11
1 13
11 13
9
6
3
4 8 9 10
4 14
7 12 14
3 8 9 14
7 14
12 13
4 10 11 13
6 9
4 5 6 10 11 13
1 11
11 13 15
3
6 11 12
15
2 5 8
11 15
5 10
1 2
3 12
1 5 10 11
6 7
6 10
1 3 11 12 14
3 7 13
9 11 15
1 4 5 6 7
4 8 11
5 6 12 13 14
6 15
4 5
1 3 4 7 9 11 15
1 9 15
1 2 12
5 14 15
5
5 6 9
6
3 12
1 2 15
12 13
3 4 7 11 12 13 15
2 4 7 9
9 11 12
2 3 6 8 14
5 11 14
2 6
4 10 11
3
5 9
4 8
6 8 9 10 14
4 9 10 12 13
1 4 5
1 10
5 7
8 10
3 4 6 7 9
8 9
3 7 10 12 13 14
11
3 14
9
15
1
1 12
9 12
4 15
6 15
