1 5 7 9 12
4 5 10 11 12
2 3 4 7 11 12 14
4 10 15
1 4 6 9 13
1 2 9 13 15
4 5 7 9 10
3 4 7 8 12
4 6 11 12 15
3 4 8
10 14
3 6 9 12 14
1 3 6 12 15
6 7 12
5 14
8 9 11 12
14 15
1 5 6 9 12 13
2 11
2 4 7 8
12
3 6 9 12 13
2 4 12
3 7
6 8 11 13
1 2 10 11
1 3 6 7 12 13
2 12
4 5 8 9 10 11 15
1 3 6 7 8 10
14 15
2 4 5 6 7 14
10 12 13
2 6 7 9 13 15
2 7 8 9 12 13 14
1 3 4 5 13
4 6 10
1 4 9 12 15
1 4 7 8 12
4 5 8 11
4 7 14 15
2 3 4 5 9 13
1 3 5 6 12
3 12
1 3 5 13 14
1 7 8 11 12
1 4 5 7 8 13 14
12 13
3 10
1 2 5 6 10 12 14
1 6 9
8 11 13
8 13 14
3 8 9 10
1 11 15
5 8 14
7 15
2 3 6 7 8 11 12
1 3 4 5 7 8 9 10
2 3 6 10 15
13 15
2 4 5 10 13 14
3 8
2 4 5 6 7 14 15
1 2 10 12 14
4 6 10 11 14
2 6 8 10 13
6 8 12 14 15
6 10 11 12
4 7 12 13 15
3 10 14
4 6 7 12 15
3 4 5 8 10 11 15
2 4 8 11 15
4 5 6 9 10 12 13 14
5 10 14 15
7 8 11 13 14 15
1 2 3 5 7 9 10 11 14 15
3 4 7 9 13
5 14
8 10
1 3 5 7 10 11 15
4 5 12 13 15
3 6 7 9 10 11 12 13 14
2 5 9 10 12 14 15
2 7
7
2 4 7 9 15
1 6 8 11 13
10
2 13
2 7 9
1 6 7 8 10 13
3 4 11 12 13
1 4 10
2 5 11
3 6
7 12 14
6 7 8 10 12 13 14
4 5 13 14
2 3 4 5 10 11 14
6 13 15
3 4 9 11 15
1 4 5 8 9 10 13
2 3 4 11 13 15
5 9 10 15
2 5 6 7
1 2 3 7 8 10 13
6 9 11 12 15
5 7 9 11 12 13
4 10 12
4 5 10 12
2 8 11 15
3 4 7 13
7 12 13 15
3 5 6 10 13 14
4 6 7 9 11
3
1 2 6 7 11 13 14
3 12
2 3 6 11
2 6 10 11 13
2 11 13 14
2
3 4 6 9 15
2 3 4 9 11
1 2 3 4 6 9 10 14
3 13
1 4 5 7 8 11
4 7 11 15
15
1 13
1 6 8
1 2 3 7 9
3 4 12
8 9 14 15
5 6 7 10
10 11
2 6 10 12
1 4 5 9 13 14 15
1 2 5 6 8 10 11 14 15
6 7
5 7 9 11 13 15
3 4 6 7 8 13 14
2 3 4 5 14 15
7 8 9
1 3 5 6 9
1 3 7 12 13 14
7 14
2 5 7 10 13
1 3 5 6
3 4 6 10 15
8 11 14
3 4 5 10 13 14
4 5
2 4 6 7 13 14
1 6 7 8 10 12
6 7 12 14 15
6 9 14 15
9 12
1 2 4 6 14 15
1 2 3 7 11 12
3 5 10 12 15
1 2 4 6 11
1 6 10 12 13 14
7 8 12 14
2 3 7 10 13
4
4 10 13 15
1 4 5
4 6 9 10 12 13 14 15
1 2 3 8 11 14
1 5 11 12 13
1 4 6 10 13
1 5 10
3 4 6 9 14
1 2 5 6 10 11 13
2 3 5 12 13
5 10 12
2 3 5 8
8
8 10 12
1 5 6 11 15
13
10
1 4 6 7 9 14
2 3 7 9
6 7 8 9 11 12
1 2 15
6 10 11
7 9
3 4 5 7 13 14
3 6 7 12 13 15
6
2 6 7 10
5 12 14 15
1 2 4
7 12 13
4 5 12
6 7 9 10 13
