14 15
5 11 14
13
1
1 2 4 11
2 7
11 14
2 15
9 13
2 11 14
3 6
5
1 2 6
6 8 12 14 15
3 5 8 9 10 12
1 9 10 13 14 15
12 14
7 11
1 14
11
5 10 12 13
1 2 4 10
3 5 9 10 13
2 6 8 11 12 15
2 6 10 13 15
2 5 10 11 14 15
5 9
6 8 9 11
1 3 13 15
4
3
4 6 9 10
3 5 7
12
1 10
5 12 13
7 11
3 4 12
2 5 6 9
10
1 5 7 8 15
2 8 11
1 2 5 7 13
2 3 4
8 11 14
11 13
1 13
6 15
3 14 15
3 8 12 13
5 9 10 11
6 8
2 3 7 9 10 12
2 5
1 9 10
1 8 10 13 15
4 8 11 13
1 5 6 9 10 12 13 15
2 9
1 4 5 10 15
15
4 10 15
1 5 8 9
1 3
4 7 10 11
7 14 15
3 4 13 14
1 8 11 12 13
1 2 5 8 12
1 13
3 4 10
3 6 8 14 15
1 14
3 8 9 13
3 5 6 13 14
3
2 10
2 3
2 3 5 6 10 11 13
3 5
5 8 9 11
4 11
8 14
12 15
9 11 14
2 4 8 10 12
4 5 6 11 15
1
6 9 10 12 13
1 3 5 10
4 6
6 14
5 6 9 11 12 13 15
3 10 11
2 4 9 12 14 15
15
1 4 10
3 5 11 12
4
13
10 12
3 8 9 10 12
3 4 11 12 15
4 11 12 13
1 4 5 6 12
11 12
7
2
1
7 11 12
1 2 5 6 9 11 12 15
2 11 12 13 15
1 3
5 6 7 10 11 14
1 7
12 14
3 6 7 14
2 8
2 13
5 10 13
5 6 7 15
2 4 5 6 10 15
7 12
5 10 11
3 7 13 14
3 6 11
6 8 11
2 3 8 13
1 13
13
2 5 9 11 15
15
7 9 10 13
4 5 8 9 13
1 6 8 11 13 15
2 6 8
2 3 4 9 10
5 9 12 15
3 4 6 10 15
7 10 13
2 4 5 7
1 11 13 14
1 6 7 8 10 12
8 9 10 11 13
2 7 8 9 12
2 5 9 12
5 6
10
7 10
2 7 15
4 8
2 5 6 9 11 13
5 10 11
2 9 10 13
1
4
7
1 3 12
1 13
10 15
2 11 13
6 12 15
5 6
1 7
5 10 12 13
3 10 11
2 9 13
3 12
3 4
11 13 14 15
1 8 11
8 12 13 15
4 6 8 14 15
1 3 5
2 9 15
2 10
1 4
6 7 8
7 8
2 4 12
1 6 11
1 13
11 13 15
3 7 9 10 11 12
5 10 11
11
1 4 15
4 7 8 13
9 11 12
6 11 12 13
1 9 11 13 14
2 6 7 12 15
3 5 6 7 9 14 15
5 11
1 4 5 8
7 12
5 11
2
4 9 15
9
