5
8 10
2 13 15
4 8 11
13 14
8
2 11
13
2 7 9
8 10
13
8 11
4
1 2 7 9
7 8 10 12
8 13
9 10 13
2 6
13
2
5 8
7 9
4 10
14
1 6 7 11 15
15
8
7
2 5 14
3
4 11
6
7
11 14
15
2
14
5
10
8 9 10
1 13
4 7 10
4
1 15
4
4 9 15
12
2 5
6 8 11
6 7
1 3 11
3 5
5
4 10 11 12
7
8 14
5 13
6 10
2 14
8
4
6
5
5 7 8 9 10
8
5 9 13 14
6 10 15
3 14
7
4 7 11
6
11
10
6
7 9 15
2 8 15
2
10 13
11 14
13
10
5 11
7
2
10 13
5 6
3
5 8 12 15
15
1 11 14 15
11 15
2 9
11
10 12
13
7
1 5
2 7 10 11
10
3
6 7 15
7
9
11
9
4
8 14
2 5 7 12
11 14
10 14
8
3
5 10
9
5 11
6
6 10
4 9
1
6
6
14
6
15
5
2
15
3 10
11
8 10 14
13
5 9 12
14
3
3
5 9 14 15
5
2 3 6 12
7
4 9
2
8
14
14
11
10
13
6 13 14
12
9 14
6 13
1 4 9
8
13
7 14
8 15
7 10
7 8
2
7 12 14
6 7
3 4 14
2
4
2
10
12
2
8 9
14
4
3 8 12 15
11
1 2 13
5 8
8 15
2 9 10
4 6 15
8 9 10
4 5 6
11
13
13 15
4 13
15
14 15
1 6 7
9
8 14
2
4 11
2 13 15
1 15
2 15
3 9
1 5 12 14
7 13
1 14
5 10
4 7
