15
5
2
3 10
5 8 12
4
12 15
10
2 9 11
2 5 10
5
5 8
6
6 7
8
10 12
8
1
2 15
1 15
6
14
5
9 12
3
3
11
7 8
12 15
6
8
5
6 8
6
15
1
5
14
5
9 12
3 5 8
4
6 8
12
4 13
9
14
8
7
2
3
6
8 12
4
6
15
4
5
1
7
14 15
9
1
2 15
5
13
14
1
6
11 15
13
8
10 15
2 8
5 11
5
7 14 15
6 14
10 15
2
2
14 15
9
5
6 10
2 3
6
11 12
3
4
11
2
10 12
10
4 9 12
3
10 11
7 14
7 13 15
9
11
12 13
15
1
6 14
13
7 15
13
11
12
1
4 6 12
15
11
5
8 10
3
6 10
2
13 14
2
4
11
2 12
11
9 15
4
6
6
6
6
2 7 15
10
12
4 6
5 8
11
12
5
10
1 11
5 13
1
4 9
10
14
1 15
5 7
11
2 11
1 5 14
4
6
12
14
3
2 4 10
2
1 8
8
12
9
2
3
15
8
9
2
5
14 15
7
8
7
11
14
4
13
13
11
7 12
1
13
7
1 5
10
9
2 8
6 8
10 11
12
11
9
4
3 8
6
9
10
10
1 6
9 11
