3 6 12
1 4 5 6 7 10
1 2 4 10 12 14
3 5 6 7 9 10 11 13
1 2 4 5 7 9 10 11 13
3 7 10
2 3 4 8 10 12 14
1 4 5 6 8 10 11 15
2 11 12
3 6 7 8 12 13 15
3 7 9 11 13
3 10 11 12
3 5 8 11 13 14 15
2 5 11 12 13 14
1 3 8 14
1 3 4 5 7 8 9 10 12 13 15
1 2 3 7 12 14
1 3 4 10 14
4 6 10 13 14
6 8 9 10 11 12 13 14
2 3 4 6 10 11 13 14 15
1 7 14
2 5 6 7 10 15
1 9 13 15
2 3 9 13 15
1 3 12 15
1 2 4 5 8 9 10 11 14
1 3 6 7 11 12
1 2 3 4 5 9 13 15
4 5 8 11 14 15
1 4 6 7 8 10 11 12 14 15
2 3 4 5 8 14
15
1 4 7 9
3 5 9 10 11 13
1 2 5 9 14 15
1 2 4 6 8 12 13 14
5 10 11 14
1 2 3 5 11 13 15
3 5 6 8
2 3 4 5 6 13
6 10 11 12 15
5 9 15
6 7 9 10 11 14
5 8 15
1 3 5 6 7 8 9 10 14
4 12 13
7
1 6 7 9 12 15
1 2 3 7
2 4 6 7 9 10
3 4 6 7 8 12
1 4 5 8 10 11 12 14
2 5 7 8 9 10
2 5 7 8 9 10 15
6 7 8 10 11
4 6 8 10
7 12 13
1 4 7 12 14 15
1 2 8 12 15
2 3 8 9 10 15
1 4 6 11 12
1 5 6 7 9 12 13 14
2 4 5 6 7 8 11
4 5 10 15
4 9 10 11 12
1 2 4 5 6 9 11 12 13 15
5 6 8 9 15
3 4 7 8 11 12 13 14 15
2 3 5 9 10 11 14 15
4 6 7 13
3 4 5 9 13
5 6 8 9 10
1 2 4 5 6 11 14 15
6 8 9 13
1 8 12
2 6 8 9 11 12 15
4 7 9 10 11 15
1 3 4 7 8 9 11 12 14
1 9 12 13 15
8 9 10 12 13 14 15
6 8 13 14 15
2 4 6 8 9 13
3 6 7 11 13 14
3 4 6 13 14
5 6 7 11 14 15
4 5 7 8 9 15
1 4 6 10 11 13 15
1 2 5 9 10 12
2 3 4 6 8 11 15
2 4 5 8 14
2 6 8 10 12
2 8 12 13 15
1 2 3 5 7 8 12 13
1 3 6 7 8 9 13 14
2 5 15
3 6 9 10 11
5 9 11 12 14
7 8 9
2 3 8 9 10 11 13
2 3 4 6 9 10 11 13 14
1 5 6 10 11
2 6 7 9 13 15
1 4 7 8 11
3 7 9 14
1 2 3 4 7 10 11 12 13 15
3 4 10 12
4 6 12 13
4 7 11 12 15
1 3 15
3 4 5 7 10 14
2 4 6 7 10 13 14
2 5 6 7 8 9 11 12 13 14 15
3 4 6 8 13 14 15
2 8 11 12 13 14 15
1 2 8 9 12 14 15
2 3 10 11 13
1 2 3 4 5 6 8 11 14
5 6 12 13 15
7 12 13 15
1 9 10 11 13 15
5 6 9 10 11
1 2 3 4 6 10 12 13
2 4 6 12 13 14 15
2 5 8 9
1 4 10 12 14
1 2 4 5 8 10 11 12
3 4 5 7 10 13 14
1 6 7 8 14 15
3 6 7 8 10 14
1 2 3 5 6 7 8 9 10 12 14 15
3 5 7 9 10 11 12 13 15
4 12 13
7 9 13 14
7 13
6 7 10 15
3 5 11 14 15
1 3 5 7 8 11 13 14
1 2 4 5 7 13
1 4 8 10 12 13 15
6 10 11 14
1 3 5 6 7 8 9 10 11 13 15
1 3 4 6 7 9 10 11 13
4 6 7 10 11 12 13 15
1 2 3 7 8 10 12 13 14
5 6 9 11 13
2 3 6 13
5 6 7 12
1 2 4 5 8 10 11 14 15
1 2 3 6 7 8 11 12 13 15
3 4 5 6 8 9 14 15
2 5 6 9 10 13
5 11 15
4 7 12 13 15
3 4 7 15
3 7 8 10 13
1 6 7 8 9 13 15
3 4 6 12 14 15
4 10 11 12 13 15
1 2 8 10
1 2 4 6 9 13
1 3 6 11
6 7 8 10 11 12 13 14
3 4 5 7 8 15
2 3 5 7 8 13 14 15
1 3 4 5 6 8 9 11 12 13 15
1 2 4 5 6 11 14 15
2 4 5 7 8 11 14 15
8 9 14
4 6 8 13
9 11 12
1 2 3 4 7 9 12 15
5 6 9 10
1 3 5 6 8 10 11 14 15
5 9 10 12 15
3 4 5 10 14 15
5 10 13
2 5 7 14
1 3 6 7 11 13 14
2 5 8 11 12 14
3 7 8 13 15
2 3 4 8 9 10 12 13
1 2 3 10 13 14
2 15
1 6 9 12 13
1 2 3 6 12 15
1 3 4 5 11 12
3 4 5 7 10 12 13
4 5 7 10 15
2 3 6 7 9 12 14
4 7 8 11
1 5 11 13 15
1 6 7 8 12 13
1 2 3 6 7 13 15
1 3 4 5 6 7 13
5 7 9 10 11 12 13 14 15
1 6 9 13
1 3 5 6 8 14 15
7 8 11 12 13 14
6 7 8 9 10 11
