10 15
6 8 9 10 12
7 8 10
3 6 8 11
1 2 8 9 11 12
13
2 5 11
4 13
1 2 5 8 10 13
11 14 15
3 7 10 11 15
2 5 9
1 2 5 9 10 11
1 6 10
1 3 8 15
11 13 15
5 6
3 11 13
4 6 12
1 8 10 11
12 14
7 12 14
3 13
2 3 9 10 11 13
1 12
1 3 8 9 15
1 3 11 14
1 6 12 13
1 8 10 11
10
4 9 11 14
1 7 12 13 15
5 11 12
4 7 9 12 13
5 8 11 12 15
3 4 5 8 11
2 3 9 11 13 15
1 7 13 14
9 11
6 7 10 14
4 7 11 14
4 6 10 13
5 6 14 15
1 2 6 11
3 7 8 9 10 14
4 7 10 12
2 8 9 15
2 4
1 4 7 14
2 4 7 8 9 11 12
6 7 12 15
4
2 4 7 15
3 4
6 12
4 5 6 8 12
1 3 6 8 15
6 7 14 15
1 10 11 13
2 10 11 13
1 3 6 7 12
8 12 14 15
6 7
1 3 6 10 13
5 6 7 10 15
4 13 14 15
1 10
1 3 11 12
6 7 8 13 15
2 5 8 9
1 8 9
5 8 10 15
5
2 11
5 10 13 14 15
3 4 7 9 10 11
7 8 15
1 4 8 9 15
5 10
1 2 3 5 7 9 11
1 4 12
12
8 9 10 11 12 15
1 4 9 12
5 15
3 5 11 13 15
4 11 12 14
1 2 4 5 6 7 13 15
1 2 8 9 10 14
6 13 15
2 4 7 9 10 12 15
5 6
2 3 6 7 15
8 12 14
6 7 8 10 15
7 10 12
6 7 11 12
1 4 9 10 11
2
1 3 4 10 11
1 9 10
7 8 9 11
5 7 10 11 14 15
4 6 9 11
2 3 4 6 7 10
3 4
1 3 7 10 14 15
3
3 11 13
1 5 13
1 3 5 6 14
10 15
9 10
2 3 8 14
3
4 6 8 13 15
9 15
5 7 9 10 11 13 14 15
3 10 12
1 4 10 11 13
1 2 5 8 9 12 14 15
5 8
2 15
3 10 14 15
3 4 7 10 11
4 5 9 11
1 2 11
2 9 10 11 14
1 4 5 6 7 12
2 5 7 10
7 13
2 9 11 12 13
3 6 12 15
2 3 10 15
4 7 8 12 14
1 11 12 14 15
1 4 12
1 8 14
1 3 8 9 11
2 4 7 14
2 4 9
1 4 12
1 7 9 12 14 15
4 12 13
12 14
2 10
4 6 8 9 10 12 13
3 9 10 12
5 15
2 8 12 14 15
3 5 6 9 10
3 4 10 14
2 3
6 11 12 13
7 8 14 15
5 6 9
6 7 8 9
5 8 9 12 15
4 13 14
8 9 10 11
10 14
4 5 9 10 11
12 13 15
2 6 9
4 5 9 12
1 4 14
1
4 7 9 11 12 15
4 7 12 13
5 8 9 10 12 15
1 2 3 4 12 13 15
14 15
2 4 6 11 13 14
1 2 3 4 7 13
12 14 15
9 13
5 7 10 12 14 15
1 6 7 13 14
1 4 9 15
2 10 11
5 8 9 10 13
5 10 13
7 13 14
7 9
10 11
1 2 6 7 10 11 13 15
4 7 8 9 11 15
8 9 13
4 7 8
4 11 13
2 3 4 7 8 9 11 15
5 13
7 11 15
1 6 15
6 7 8 9
2 13
1 2 5 6 7 13
15
1 2 8 9 11 15
5 8 10 12 13
