2 10 14
6
6 10
10
2 12
5
3
6 14
1
9
3
12
14
4
6
1 14 15
1 2
3 11
13
2 9
2 10 13
7 12
1
4
10
9
14
2 9 11
12
7 12
3
4 9
3 8
3 4 5
1 2 3 8 12
3
4 9
12
5
13 14
7 14
2 6 14
2 8
3
1 7 8 9
11 13
9 13 14 15
1
9 15
13
12
8 11
4 5 12
3 9
2 15
11
3 4 5
1
12
2 4
12
12
9 11 15
1 4
7
2 15
6 11 12
7 14
4 7 10 12
3 6 12
8 11 14
9
3 8 14
6 8
6 13 15
1 3
6
4 5
8
8
14
2 4 12 14
10
2 8
1 8
10
10 12
6 12 13
8
5
1 12
3
11
8 14
6
3
2 7
3
3 13
5 12 15
4 7 12
5 15
9 15
10
10 11
1 3
12 15
15
5 11 12
10
14
6 12
3
1 3 5 12
4
9
4
2 3
1 9
12
4
11 13
15
6 10
1
3
5 6 11 15
1 5 15
2 6 7
4 5
13 14
5 10 13
3
6 13
5
1 2 13 14
2
6
1 4 10
13
1 12
3 12
5 10
15
4 7 11 15
1 14
3 14
1
2 15
14
4 10
9 15
1
10 14
3 9
5 11
1 10 12
5
4 9
13
1 11
3 7 14
14
2
15
5
11
1 14
3 7
1 4 8
8
5
3
9
10
2 9 14
2 9
13
8 13
3 10
14
5 6 10 15
7 8 11 12
1
1 3 8 12
7
2 6 8
4 13 15
2
10 14 15
2 15
4 14 15
15
9 15
2
4
3 11
4 10
1 15
11
