1 2
14
9 12 14
2 4 13
6 12 14 15
5
7
4 10 14
3 4 11 15
10
10
5 13
8
8
1 4 8
8
1 5 7 11
6 10 11 12
5 14
5 7 10
7 10 12 13
12 13 15
1 5 15
4 10 15
2 3 7 10 13
10
4
3 11
13
6 11 13
9
9
3 8 10 11 13 14
6 11
1 9
2 7 9 10 13
1 3
1 8 13
10 11
9 10
5
9 12
6 11
13
8 13
3 8 12
2 3 9 12
2 4 6 9 10 14 15
3 5
1 5 13
1 3 4 14
2 11
1 3 5
2 11
4 6
2 8 14
3 4 15
10 14
2 7 11
1 7 8 11
4 8 9 10 12 13
10
8
11 12
8
2 4 10
1 2 5 10 15
6 10 12 13 14
10
9
1 6 11
7 9 15
4 5 14
3 8 14 15
2 7 11
3 6 7 8 13 14 15
5 6 10 11 14
1 8
10 15
2 7 9 12 14
2 10 12 14
9 12
6 7 8
15
2 5 11
2
2 6 8
4 10 13 15
5
3 4 5 8 9 14
2 3 9 10
13
5 8
9 13
7 14 15
10
4 7 8 9 10
1 9
12 13
1 3 12 15
4
9
4 12 14
13
1 2 4 11 15
1 4 8 13
3 4 5 6 13 14
5 11
5 9
7
2 3 10
3 5 14
1 12
9 10 11 13
6 10
1 11 12
5 13
3 7
9 10
9 15
3 5 8 10 13
1 3 9 10 15
7 10
4
8 12
1 2 6 8 9
11
1 3 5 12 15
2 5 6 8 10 12 15
8
8 9 10 11
6 10 12
6 7
8 12
2 5 14
1 9 15
10
1
15
2 13 15
8
2 5 6 13
3 7
2 3
1 6 8 11
6 7 14 15
4 7 14
6
5 6 10 11
3
1 4
7
2 5 6 11
7
2 11 15
1 2 5 7 11
1 9 11
8 11
12 15
8
9
7 13
4 5
7 9
8 12 15
1 12
3
1 6
5 14 15
1 2 7
3
4 5 13
1
2 4 5 7
4
12 14
7 9 13
8 12 14 15
3 5 8 14
3 7 8 10 15
6 10 12
14
12
2 12
11
9
3 6 7 8 13
11 12
12
1 11
3 12 13
1
5 11 12 15
1 9 14
1 12
3 5 10
6
1 15
10 13
2 4
