1
8 9 11 15
1
10 11 12 13 15
3 4 6 7 9 11
8 9 10 13
3 8 10 14
2 10 11
1
2 3 5 6 7 10 13
3 8 11
2 5 7
14 15
4 7 9 13
4 6 8 10 14
15
1 2 5 6 12
2 7 11 14
5 13
4
1 12 13
1 6 10 14
6 7
10
2 10
1 10 14
1 4
12 14
9
1 3 4
1 4 5 9 12
3
6 9 13
3 9 10 14
1 8 15
1 6 7 8
6 7 10
1 2 3 8 10 14
4 6 13
1 4 5
3 6 9 12 15
11 12 14
5 12
1 2 4
3 4 7 13 15
1 3 12 15
5 11 15
2 4 7 10
2 4 6 12 13
13 14
2 3 8 13 15
7 9 10 12
2
5 7 8
1 9 11 13
6 15
4 7 8 10 12 15
2 3 5 6 8 11
6 12
6 12
7
6 7
4 6 8 11 15
1 14
3 7 10 15
3 4 10 12
1 9 10 11 13
4 7
1 15
2 11
1 3 4 6 11 14
5 7 9 10
3 7 10
7
1 6
3 5 8 9
7 13
2 5 15
2 4 10
3 12 13 15
14
4 10 11 12
2 4 15
1 9
1 13 14 15
1 3 8
11 14 15
1 5 7 9 14
4 10 15
9 11
3 4 6 8 11 15
8
6 7 11
1 14
1 3 6
6 8 10 12 13
2 6 7
6 10
4 10 12
1 2 5 9 13
1 4 6 12 14
1 11 15
8 12 13 14
3 10 14 15
5 6
5 15
1 3 10 14
2 3 4 11 12
7 11 12
1 2 12
15
1 3 4 8
7 15
1
7
3 6 8 15
1 4 7
2 5 6 9 12 14
1 3 11 12
1 6
1 2 8 11 13
2
5 6
8 9
4 5 12
7 10 14 15
1 2 3 4 5 12
6
5 12
11 12
8 10 12
1
2 8
8 10 11 13
2 3 4 6 10 15
12 13
1 4 5 11 14 15
12
5 12
10 11 13
9 12 15
5 7 15
3 7
5 7
6 7 9 13 15
13
1 4
1 3 7
1 3 4 5 9
8 14
1 2
5 6 11
4 5 8 9 10
13
1 11 15
9
8 11
1 2 4 6 7 8
1 11
9
3 12 13
4 12
7 9 12
4 6 9
9 10 11 13 14
7
4 6 12 14
2 4 11
5 6 7 8 10
1 12
3 5 11
6 13
9 13
9 11
1 4 9 11 15
5 6 10 13 14 15
6 7
1 3 13
10
6 8 10 13 14
9 12
4
1 8 9
1 2 3 10
2 11
1 3 4 9 12 13 14
2 13
3 5 6 10 11
2 7 13
7 8 9 11 15
5
3
6 7
4 6 7 11
4 6 8 11
9 12
1 3 4 9
3 4
1 2 6 14
3 8 9 15
