10
7
13
4 6
2 4
3
7
14
2 7 10
4
13
12
3 4 5 11
15
1 6 12
7
4
13
2 10
11
3
7
6
15
5 12
2
6
8
8
10
1
2 4
3
8 14
8
13
15
14
13
1
2
12
5
7
10
7 14
5
1 9
7 13
4 10
2
15
7
4 12 15
9
11
6
4
1
8 9
15
11 14
11
10
9 10
14
10
5
13
2
8 9 12 13
12
8 9
5
13
6
2 11
12
3
8
12
15
15
1 10 15
5
6
1 9
12
3
5
10
12 13
9
5
9
11
10
10
5 10
3 7
3
6
3
10
1
1 7
3
2
12
6
8
6 7 10 13
3
8
4
5
3 11 12
4
7
2
4 7
6
4
11 13
1 12
5 12 14
7
9
1
3 12
2 4 13
4
4
8 10
2 10 14
12
10
3
12
15
6
3 6
11 12
11
4 9 10
4 9 12 13
4 10
6
4
3 14
1 10
3 7
7
8 11
2
3 6
2
6
12
2 4 6
6
5
8
12
12 13
3
2
6
6
14 15
1
9 10
11
4 7
6
1 3 13
14 15
2
13
5
2 5
6
6 15
5
14
9
4
3 5
6
7
10
14
1 13
15
9
9
11
8 12
8
6
