1 8 9 11
10
8
4
2 4 5 7 8 10 15
5 12
10
6 14
1 15
6 8 15
1 4 8 12 15
7 12 13
8 13
5 9 12 14 15
6 8 10
8 10
7 13
7 9 15
4 8 15
1 7
9
7 8 10 12 13 15
7 10
8 15
3 10
2
7 10 14
15
7
4
1
1 4
7 11 13
2 5 9 10
2 10 11
13
5
6 10
2 3 6
2 12
5 8 14
8
15
4 6 9 13
14 15
3 4 14
4 6 14
3
4 15
9 11
4 7
7 10 11
9
15
4 5 9 11 12
5
2 3 12
4
1 5 9 14
7 15
1 11 15
3 10 12 14
1
7 11 15
12
2 3 13
4
11
1
2 9
8 9 12
4 15
9 11
12
11 12
2 3
4 6 8 9
5 6
14 15
5 13
4 8 11
2 4 6 11 14
10
1 4
8 9 11 13
6 11
3 10 12
13
8 14
4 12 14
5 8 9 11 13 15
7
8
7 9
7 13
3 4
1 4 11 13
3 12
3 12 13 14 15
2 4 5 10
1 8 15
1 2 11
1 3
1 2 10
1 13
3 12
3 5 7 11 14 15
3 5 12 14
5 8 12 14
2 7 8 13
2 3 15
10 13
7 10 13
3
1 13 15
3
6 8 13
2 3 8 12
10 11
10 13
3 6 12
6 13
2 7 8 15
3
14
2 10
7 9 15
1 3 13
7 15
4 12
4 10 11
5
10 12 13 14 15
1 10 13
1 8 12
10
1 7
15
7
2 6 9
11 12
3 13
5
1 15
1 6 14
4 11
3 8 13 15
4
8 10
7 8 9 12
7 9
9 15
4
2 3 7 10
2 14
9 11 12 15
2 13
2
11 12
3 12
9 11
3 6 11
9
11 12
8 11
2 7 14 15
5 15
3 8 14
13
5 10
3 6 7 11 14 15
4
1 10
8 11
7 10 13
3
3 5 6 11
1 4 14
5 15
3 15
15
7 8 9
12
1 2
2 15
2 15
3 6
8
5
4 10 13
3
1 11 12
4 5 10 12
9
13
7 12
1 6 12 14
14
2
10 11
