7 14
7 13 14 15
8 9
5
1
2
12 14
1 2 4
15
2
5 11 12
11
9
10 15
12
2
4 9 14
3
1
9
4
8
10
6 9
4
6 10 15
6 8 12
1 14
12
9 10 15
3 5
8
9
8 9
2 10
3
11 12
7 9 15
1
3 6 7 12 13 15
2 8 14
14
9 10 13
9
10
9
2 4 5 9
2 5
7 14
4 12 13
6
6 8 10
7 8
3
5
1 4
14
1 7 9 10
1 5
6
4 10
7 15
14 15
1 6 8 12
8
3 9 13 14
1
15
3 15
1 12
6 13 14
3 4 8 12
7
6 10
7 8 12
9
14
3
13 14
10 12 14
6 7
2
6 9 14
1 2 3 7 13
12 15
4 6 10 15
2 3 7 11
3 14
13
3
1 11 13
3
13
2 6 8 11 14
12
3 8 9 10 13 14
1 15
4 5
10 11
9 11 13
3
7
2 9 13 15
10
2 11
5
1 9
1 7 12
11
12 14
8
5 10 13 15
2 4 8 12
15
10
4 6
9 15
5 6 7
4
3 12 15
1 6
14
2 14
2 12
6 9
2
10 11
1 2 11
5
4
7 8
6 8 13
7
2 11
2 4 8 11 12
1 6
9
6 11
11
15
2 3 8
6
13 15
4 8 14 15
5
1
3 12
2 15
4 5 6 8 11
9 10
15
3
7 13
12
3
9 15
9 13
6 7 11
5 10
8 9 10
14
1 11
1 6
12
9
2 6
4 7
8
5 10 13 14
9
1 10 13
14
4
3 8 15
12
2 7 14
2
1 2 8
7 9 11
2 7 12
12
2 12
9 10 11
1 8 11
8 9 12
4
12 13
5 6 14
5
3 10 13
1
11
4 14
12
4 14
2 6 7 13
3 10
8 14
2 6 8
3 4 5 6 8
