4 6 7 8 9
7 11 12 15
4 9 13 15
10 12 14
4 9 11 15
2 4 15
2 3 4 9 14 15
1 3 8 10
1 2 3 7 9 11
2 3 4 8 10
1 5 7 8 14 15
1 3 10 13
4 5 6 10 11 13 14
6 7 10 11 13
1 2 8
1 2 5 13 14 15
13
4 11 12 13 15
7 8 9 10 13 14 15
2 12
3 5 7
8 14 15
4 8 13
3 4 9
4 6 9 10 12 13 15
3 4 7 8 9 10 12
1 7 10 11
1 3 8
7
2 3 7 9 11 12
2 6 10 14
1 2 4 5 14
2 3 6 8 10 13
2 3 5 6 7 12 14
3 4 6 8 12 13
4 5 6 7 8 9 15
1 2 6 7 8 12
3 5 7 10 13 14
1 9 12 14
7 11 15
9
3 8 10 12 14
4 7 8 10
7 9 12 13 14
2 4 5 7 8 11 14
4 5 7
1 5 8 12
1 3 5 6 7
3 6
3 6 7 14
5 9 10 11 12 14
3 9 10 15
3 4 5 7 12
1 8 11 14
2 6 7 12
3 5 9
2 3 6 12 14
3 4 5
1 2 3 5 8 9 10 11 13
1 5 6 12 13 14
1 10
2 5 9 12 13
11 13 14
2 8 9 14
4 9 10
7 12 13 15
1 9 10 11 12
1 9 14
4 10 11
1 3 7 8 9 12 15
1 9 10 11 13 14
3 6 8 9
4 6 11 14 15
1 4 7 10
3 4 5 6 11 12 13
2 4 6 7 9 14
6 7 10 11 14
2 7 8 10 15
2 4 5 6 10 12 14
1 6 14
2 3 7 8 9
1 3 4 6 10
1 3 12 13
1 2 10 11 12
2 5 6 12 13 14
9 10 14 15
2 3 6 7 8 15
3 4 6 8 9 14 15
3 6 7 9 13
1 3 4 6 7 15
1 3 4
1 3 6 9 10 12 13
4 8 9 12 14
3 4 13 14
5 6 7 9 10 12 15
10 11 14
3 9 12
4 9 13 15
4 5 6 8 9 13 15
1 3 5 6 7 10 13
5 6 9
2 11 14 15
7 8 11 12
6 7 10 11 15
2 6 8 11 14
1 4 6 8 11 12 15
1 7 8 9 10 11
1 5 9 12 15
1 3 4 9 15
3 4 7 11 14
1 3 4 11 15
2 7 8 10 11 15
1 2 5 6 9 11 13 15
6 15
2 11
1 2 5 9 15
1 5 10
3 5 6 12
1 2 3 11 15
7 12
9
3 9 15
3 5 6 7 13
1 3 8 13 15
2 4 5 12 15
2 5 7 8 12 14 15
3 15
2 5 7 8 10
1 5 6 7 8 11 13
7 10 12 14 15
2 8 10 12 14
1 3 4 8 9 10 12 13 14
1 2 4 5 7 15
1 5 6 7 8 9
2 4 7 8 10
5 12
4 5 7 12 13 14
4 8 9
1 3 4 10 14 15
3 4 7 9
2 3 4 6 11 15
15
5 8 14
3 10 13
9 14
1 3 7 8 13
3 6 9 11 12 13 14
1 7
2 5 7 8
1 3 6 7 11 13
2 6 7 8 15
1 4 5 11
1 6 11 14
3 5 12 15
2 6 7 9 12 14 15
10 12 13 15
3 7 9 13
1 2 7 8 10 11 14 15
11 13
1 2 5 15
2 4 5 6 7 10 15
1 6 10 11
3 7 10 11 15
9 11 12 13
5 15
10 11 14
5 9 11 13 15
2 3 4 6 12 13
6
5 6 7
4 5 6 7 9 13
4
2 14
3 6 7 9
3 7
1 11 12 13
1 5 8 9 12 14 15
10 15
5 15
1 6 7 9 10
1 2 3 8 12
4 11 12 13
3 4 7 9 11
3 9
1 2 3 8 11
1 11 12
2 3 6 7 8 11 14
2 5 6 10 14
1 6 8 9 11
4 6 8 9 12
1 11 15
2 3 8 14 15
6 7 12
13
1 7 8 15
1 6 9 11 12 13
5 8 9 13
2 5 13 15
2 9 11 13
6 7 9 11 14
