9
8 12
10
2
6
2 13
2 7 8
7
9
7 14
1
15
9 10
3
10
7 14
2 7
5 7 14
9
8
9
3
5 14
11
9
5
10
2
11
12
14
10
7
12
8
7 15
8
6
7
10 15
3
15
1
14
2 4
7 14
1
13
8
13 14
1
2
15
5 8
8 13
5 12
7
9 12
9
15
13
8
9
1 8
8 14
7
1
10
4 13
5
15
9
9
4
12
5
14
3 11
2
2
9
2
6 9
13
4
5 8
2
11
13
6 10 12
3
1 14
3
1 6
11
4 13
5
13
7
11
15
10
4
2
2
5 6
11
8
9
8
1
14
4 6
14
14
9
9
1 3 13
7
1 14
12
6
12 13
10
8
5
4
3
10 11
10
10
6
4 12
14
13
7
1
8
2 3
7
10
1
11 12
13
2
2
8
3
14
3
11
9
11
9
14 15
13
10
6
9
2 15
13
1
12
1
4 13
12
2
5
2 5 12
6
1 4 6 13
8 12
9
12
2
5
11
7
5 9 15
9
12
10
15
15
3
15
10 15
7 13
5 8
12
13
7 8
6
15
14
8
13
15
13
3 8 12
