1 14 15
4 7 11 12 13
5 14 15
2 4 5 6 8 14 15
7 8 9 10 11 15
3 4 8 14
2 6 10
12
2 3 5 6 8 9
3 4 6 10
1 3 13 14 15
1 8 10 14 15
2 3 7
4 11 15
7
5 6 9 10 13
9 10 14
7 8 13
8 11
3 6 11
1 11
1 2 14 15
2 4 7 8 12 13
5 6 7 8 9 10 11 12
1
4 5 13 15
9 10 13 14
4 5 10 12 14
9 13
9 12 14 15
7 8 9 10 14
5 6 8 11 12
2 3 10
1 2
9 10 11 14
2 8 9 12
10 11
3 5 8
3 4 10
1 6 10 13 14 15
4 5 6 7
6 9 14 15
1 11
7 8 10 11 12
4 13 15
4 8 15
2 4 5 13
1 3 6 12
2 4 9
3 8 11 13 14
3 4 9 13
2 5 6 7 8 10 11
4 11
6 10 11
4 9 12 15
2 3 6 12
8
2 3 6 8 12 14 15
1 2 3 9 13
2 10 12 13 15
7 8 9 10 11 12 13 15
1 2 3 5 7
2 8 11 13
6 12 14
2 5
1 13
2 4 7 12
5 8 13
5 8 10
4 12
11 12 14 15
2 3 5 14
4 12
10 14
5 6 7 8
3 4 10 12
3 5 6 11 13
4 9 11
6 8 12 14 15
1 2 8 9 11 12 13
1 3 4 5 6 9 11 13 15
7 8 10
1 5 8 13
2 8 13
4 5 6 9 11
2 6 13
2 6 7 10 14
1 3 4 6
5 8 10 13 14
9 15
5 6 8 14
2 4 9 13 15
8
4 8 9 12 14 15
2 8 10 12 14
2 4 7 8 14
7 13
4 9
8 14 15
1 8
4 7
1 7 8 11 13
3 7 9
6 12 13 15
11 12
5 6 9
4 11 12
2 6 7 8
1 8 15
1 7 8 10 13 15
1 4 5 10 11
6 8 11 13
4 5 6
1
2 8 15
1 2 11 13
1 4 8 14
2 5 8
8 9 10 13
2 3 7 8 10 15
5 9
1 6 13
1 2 4 11 15
1 5 7 11 12 14 15
11 12 15
1 7 8 14
1 6 7 9 14
1 3 8 9 12 15
4 15
8 11 12 14 15
1 4 8 10 15
1 3 5 14 15
1 5 6 11
2 5 8 11 13
1 9 10 11 14
1 5 13
7 12 15
1 6 10 11
5
3 4 6 7 12 14
5 6 14 15
7 12 14
4 5
4 7 8 9
1 7 9 11 13
12
11 14
2 11 14
2 6 8 11 12 13
6 10 11 12 13 14
2 4 7 11
2 8 10 11 14 15
9 10 13 14
3
6 13 14
3 4 11
1 2 12 13 15
3 9
9 14
2 4
10 11
15
1 4 6
1 2 3 7 9 10 13
3 4 6 10 12 13 14
2 3 6 11 12 13
2 3 4 7 9 12
1 3 4 9 14
2 4 8 14
1 12
1 5 6 7 10 14
9 14
1 4 7 10 12
5 8 9 11
3 9 10 11
3 12
1 13
3 6 15
1 5 9 11
5 11 12 14
4 5 7 10 11 13
1 6 10 11 12 13 15
8 11
1 10 11 13 15
4 13 14 15
3 7 8 15
4 8 12 14
1 3 8 10 12
4 9 10 11 14
1 2 3
4 6 9 10 14
11 14
6 12
7
2 3 4 5 8 13 15
1 2 3 7 8 9 11
12 15
1 3 4 7 13 14
4 5 10 14
14
