7 13
8 13
9 14 15
12
4 5 8 12
4 11 13 14
2 6 10 13 15
3 8
2 5 12
10
14
2 12 14
13
2 3 9 10
2
1 6
11
1 6
3 5 8 9
5 12
7 11 13
9 13 14 15
4
2 7 10
9
5 7 8
6 7 14 15
6 7 11 12
4 6 8
2 4 6 9 14
3 4
5 9
4 6 8 13
3 12 14
3
2 10 14
2 11 12 14 15
2 13 15
3 6 11
1 3 8 12 14
12
1
2 3 14
5 8 13
12 13
3 8 12 15
3 7 14
6
1 4 10
9 13
8 9 11 13
10 13
3 9
3 5 6 7 8
1 3 13 14 15
1 6
6 7 8
2 10
6 10
3 6
5 8 11 12 15
14
9 11 12 15
2 11
12
3 4 5 6 9
9 12 14 15
2 4 8 10 14 15
2 3 14
1 3
2 4 8 9 13
2 8 13
4 7 8 9 11 15
7
3 15
1 4 6
9 15
5 10 12
4 5 7 11 12
4 12
4 6 10 11 12 14
1 2 6 7 12 13 15
6 7
1 5 7 8 10 13
1
7 8 10 11
11
3 11
3 9 15
6 7 15
2 3
3 14
3 7 15
9
1 10
2 7 12 15
2 5 7 8 10 12
10 13
9 11 12
4 7 14
1 4 13
11 14
1 4 5 8
1 4 8 10 11
1 5 10 14
9 11 13
9 14
1 9 11
3 13
1 13
1 4 7
1 2 3 7 8 9
2 5
9 10 13 15
4 9 12
1 7 8 12
7 9
1 8 10 14
2 5 7 9 10
10
3 7 8 12 13 15
1 4
1
5 11 15
2 3 4 10 13 14 15
13
2 5 7 14 15
10 11 14
3 9
6 8
10 13
6
5 11 13 14
4 11 13
11
2 10 15
3 6 11 13 14
6 7 12
3 5 6
7 12
1 3
4 12
8 10 11
10 11
7
3 12 13
8 9 13
2 11 15
1 5
11 13 14
13 15
7 8 14
10
1 2
6 7 14
7 9 10 12 13 15
11 12
2 12
1 6 8 10
2 4 5 12 13 15
6 11
7 8 10 11
2 5 10 14
12 14
2 10 11 14
1 5 8
1 3 4 6 15
14 15
3 6 11 14
1 10
4 5 11 14 15
1 13
8 9 10 12 13
11
9
9 14
6 9
3 8
1 5
2 7 9 14
1 6
9
4 5 6 8 13
8 10 12
4 6 11 14
10 14
4 5 13
1 2 4 7 11 12
5 10
4
11 14
4 5 6
7 10 11 13
1 6 10
3 7
2 3 9
12 14
2 5 14
3 8 10 15
10 11 14
