2 4 6 15
8 12
4 13
4 6 15
5 9 13
5 8
14
2
3 6 9
3 7
1 5 8 9
4 12 15
3 7 9 10 11 12 13
5 7
10 15
4 9
1
8
2 6 9
2 3 8 14
11
6 13 14
2 3 6 8 11 13 15
7
4 6 10
9 13 15
4 5 9
9 11 12
9 10
3 9 15
1 6
2 6
6
15
7 14
14
6
2 7
1 6 8 11 12 13
3
3
6 11
15
1 6 8 11
3 5 7 11 12 14
9
5 9 11 13 14
6 11 15
3 15
4 12
1 2 11 14
8 12
2 8
10
11 14
15
2 10
2 10
5
1 5 10
2 5 8 11
2 9 14
1 9
5
6 9 11
9
6 9 12 15
6 11
3 9 11
11
9 13
9
15
4 15
4 8 14
7 11 12
2 3 5 13
7 8 11
3 7 11
5 7 10 14 15
4 10
1 8 11 14
1 6 9 15
3 5
4 7 13
7 10
10 11 12
8 9 15
5 7 9 13 15
4 5 9 10
3 6 8
10
10
9
1 15
5 11
7
3 8
3 9 13
6 13
1
4 5 13 15
2
2 7
6 8 12 14 15
5 14
2 5
5 14
6 13
13
3
8 14
2 5 6 7
6 9
15
1 10
12 14
10 11 12 14
13
5 9
4 8
1 9 13
6
4 7 12
6 14 15
2 3
1 3 4
1 10
14
11 12
15
2 6
6
4 14
2 7 9 14
5 13
3 4
4 8
7 12
3 5 15
1 5 8 15
15
1 10 11 13
1 8 12 14
4 8
1 9
2 6 10 13 15
1 3 4 8 11
2 14 15
5 6 10
3 13 14
1 2 10 11 15
5
2 9
8
2 3
2 15
3 14 15
8 10 11 12
2 9
2 5 6 10
1 3
5 8 14
11 14
10 15
3 4 5 9 13
11 14 15
3 5 7
5 7 9
4 5 12 15
3 6
14
9 14
6 8 10
3 5 9 12
4 7 9 13
4
7 15
3 11
6
1 8 10 12
6 7 9 10 14
2 13 14
5 7 8
2 5
3 8 9 10 15
5 15
9 10 12
4 5 13
1 7 9
10 13
5 8
5 10 13
2 4
3 4 10 13
5 6 13 15
1 9
4 10
3 6 12 14
2 4
