4 10 12
11
2
1 2 11
4 10
13
10 15
1 11
5 10 15
12 15
2 11 12
11
9 11
5 12 13
4
4 7 9
1 10
12 15
5
4
2
3 15
12
2 10
1
8
6
2 3 9
4 8
1 3 14
2 8
6 8
2
7
13
2 13
1 7 8 12
14
4 8 10 11 15
2
1
3 5 7 11
5
4
6 14 15
11
6 14
2 8
4 6
3
1 3 8
7 13
14
13
10 14
3
3 4 14
10 14
11 12
1 6 12
1
1
8
1 5
12
11 12 13
7 10
1
3 5 6
9
5 12
12
11
3 5 8
4 5 15
5
5 6 10
4
12
9 11
4
14
1 7 12 14
14
4 6 14
5 7
14 15
15
1
10 15
4 9 13
4 7 14
1 5 6
2
2 15
13
15
6 7
6
9
14 15
11
1
7
12
2 5 13
8
3
1
15
6 8
5
15
7 10 14
13
7
4 6 7 9 10
13
7 8
14
5
9
3 10 11
3 8 12
4 15
5
4 7 9 15
7
2 8 11
3
9 15
10
14
7 8 13
4 9 12
7
1 7
5
6 8 12 13 15
11
10
7 11
7
7 12
1
1 2
5 10 13
3 10
8 9 11 14
4 6
1 6 10
12
11 14
14
7 12
6
11
10 13 15
7
3 13
1 12
3 9
1 4
2 10 13
1 10
14
7 13 14
8 12
2
11 14
3 4
5
10 14
7
3 11
2
6 11
1 3 8 9 11
2 14
5 13
2
5
3
5
11
10
2 4 6 8
10
9
8 10
12 14
9 14
1 5
5
2 7 10
8
4 6 8 14
14
9
4
