5 12
1 2 6 11
8 13
6 12
2 11 14 15
8 11 14
2 5
2 3 6 13 15
1 7 14
2 6 7 11
4 7
4 6 10 14 15
2 4 10
5 7 11 12
1 5 11
3 5 8
7 8 9 10 12 14
3 5
2
5 7
12
3 11 14
7 8 10 13 15
5 11 13 15
3 5 14
13
1 7 15
1 2 4 9 11
1 14
9 14
2 4 5
2 4 8 13
1 11 15
7 10
7 10
1 2 6 13
6 15
2 9
2 5 7 11 12 13
5 9
7
2 3 7 12 14
4 7 11 14
4 9 10 12
12
4 6 8 12
4 5 13 15
7 10 13 15
11 13
1 4 5
10
3 11
7
2 3 14
4 6 14
3 6 8 12
1 2 4 7
11
7
3 8 9 15
2 4 12
2 4 6
5 8 10 15
4 6 14
5 6 8 13 14
2 8 12
12
3 9 13 15
1 5
5 6 9 13 15
1 4
2 14
1 4 5 6 11
1 10 15
9
2 11 12
9
4
1 11 14
1 11 14
5
10 13 15
7 8 13 15
4 6 10 11 12 15
5 9 14
6 7 10 11 13 14 15
4 6 14 15
1
1 3 4 9 14 15
2 4 6 10 12
4 10 11 13
1 2 7 9 14 15
4
2
5 11
5 8 10 11 13 14
2 6 12
2 5 9
5 8 10 11 15
1 4 5 6 7 14
3 4 6 10 14
7 9 10 11 12
5 11
14
2 6 8 10 13
5 8
5 6 11 15
1 4 7 13 14
11 14 15
1 2 8 11 14
10 12 14
12 15
5
1 2 4 5 6 10
8 15
1 11 14
2 4
1 3 4 8
10
8 15
8 10
2 15
2 3 4 5 8 15
2 7 9 10 11 12
1 2 7 8 9 11
5 8 14 15
12 14 15
7 9 10 12
1 3 4 7 9 11
1 3
12
8
1 4
6 7
5 13
4
2 3 6 7 11 15
3
4 6 9 11 14
1 3 4 5 7
7 15
2 3 10 13
4 7 11
5 6 12
1 5 6 9 11 13
2 3 7 12
1 2 14 15
7 10
1 3 8 9 10 14
3 4 5 11 15
9 11
4 9 11
1 4 9
3 5 6 12
2 7 13
2 6 11
1 3 12
15
1 2 4 8 9 15
8 10 13
2 6 15
1 7
5 7 13
7 8 11 15
2 9 13 14
5 7 8 10 12
3 4 10 13
2 5 8 12
5 8 12 13
1 6 15
2 8
2 11
8 9 10 13 15
1
1 2 4 8
1 2 4 8 12 14
1 5 11
2 4 5 7 10 12
9 11 15
1 6 8 12
1 13
6 7 11
1 13
3 4 8 9
5 13
7 8 13
2 4 9 13
3 6 10 13 14
4 10
2 3 4 9 15
1 9
3 4 11 12
5 10 15
3 9 12
10 14
2 6 10
2 3
1 12 13 14
10
7 11 15
