4 5 9 10 11 15
1 6 9 11 14
3 6 7 8 9 12
4 7 8 13
2 4 5 9 13 15
3 4 6 15
1 3 4 8 9 12 14 15
1 6 7 8
2 3 4 5 6 10 15
4 7 9 10 12 13
2 5 10 14
1 5 6 11 13
1 3 4 6 7 9 15
1 6 8 9 13 14 15
2 3 4 10 13
5 6 11
1 2 11 13
1 2 4 7 9 12 13 15
3 7 14
1 6 8 9 11 14
5 6 7 8 10 12 15
3 4 5 6 7 9 11 15
4 5 8 12 13 14
1 2 5 7 15
2 3 4 7 8 9
5 6 7 8 10 11 12
2 4 7 9 13 14
2 6 7 8 9 13 14
9 10 12 13 14
6 7 10 11 13 15
2 3 10 12 14
2 3 7 9 10
3 11 12
10
3 4 6 7 9 11
2 6 8 9 11 15
3 4 7 10 15
1 2 3 4 5 13
4 6 13 14 15
6 7 11 14 15
3 4 5 7 10 11 12
1 10
3 4 5 11 13
1 2 3 5 7 9 12
3 9 13 15
2 4 5 7 8 9 12 13
4 6 7 8 9 12 13 14
6 14 15
3 5 10 13
4 6 7 9 13 14 15
2 4 5 7 11 12 13 14
9 12 14
1 5 12 13 15
1 9 12 15
8 9 12 14
4 5 9 11 12 14
2 7 13 14
2 5 6 8 10 11 15
5 7 8 9 15
1 12 15
3 10 12 13
1 3 5 6 8 12 14
2 6 7 11 14
7 9 11 15
1 2 3 4 5 8 11 12
7 9 13
5 7 13 15
5 11 12 13
2 3 7 13 14 15
1 11
1 2 5 8 14
2 4 5 7 10 15
1 3 7 9 11 12 14 15
1 2 3 5 6 9 15
4 6 9 11 12 13
2 3 6 8 10 12 13 15
2 5 6 7 9 10 12 14
3 8 9 13
6 8 10 11 13 15
2 5 6 7 9 11 12 15
1 7 13
1 2 7 9 10 15
4 5 10 11
4 9 10 11 13
4 9 10
2 3 4 5 6 9 14
1 3 4 5 6 10 13
4 6
3 13
1 3 5 7 9 12 15
1 4 6 8
1 3 4 9 12
3 7 9
5 10 12 13 14 15
1 8 9 10 12 13
1 2 3 10 11
2 4 5 8 9 14 15
1 4 6 10 13 14 15
7 8 9 12
2 6 14
1 3 6 9 15
3 10 11 12 14
1 8 10 11 15
2 4 5 7 8 9 10
1 5 6 13 15
1 4 6 7 9 13
4 6 12 13 14
2 4 6 8 14
1 2 3 6 8 9 11 13 15
1 5 8
2 7 8 11 13
1 2 6 9 12 14
1 5 9 10
1 5 6 12
2 11 13 15
2 7 12
1 2 3 4 6 14 15
5 6 8 9 11 12 13 14
2 3 4 8
2 3 5 15
1 2 7 10 12 15
1 2 9 13
2 3 8 10
5 7 9
3 5 6 7
2 5 8 9 12 14 15
6 7 8 10 11 14 15
3 9 10 11 14
1 4 5 6 8 10
1 2 5 9 12 14
1 2 3 4 5 6 14 15
2 4 5 7 9 10 13
4 5 8 9 11 15
2 4 5 9 11 12 13
4 5 6 7 10 11 12 14 15
4 14
3 6 10
1 6 8 13 14
3 6 10 11 13
1 2 6 7 11 14
6 7 11 15
3 7 15
1 2 10 11 15
2 5 10 11 13 14
1 2 3 4 5 6 10 12 13 14
10
4 9 11 12
3 5 7 8 9 14
3 6 8 13
3 6 10 12 13 14 15
5 6 7 8 9 11 12 13
14
1 3 7 8 9 10 12 13 14 15
3 6 10
2 3 5 12 14
2 3 5 6 9 12
6 9 11
3 5 7 8 9 13
4 5 6 9 10 13 14
5 7 9 11 14
4 7 13 15
1 3 4 5 6 7 8 9 11
1 2 7 10 11
1 6 9 11 15
1 4 8 12
1 5 6 7 8 12 15
5 6 11 12 13
2 4
2 4 12 15
1 6 8 15
1 3 4
1 3 4 6 7 8 11
2 3 14
4 9 10 11 15
2 3 7 9 12 14
6
1 4 5 6 9 11 13 14 15
7 8 9 11 12 15
5 7 9 10 12
1 2 3 4 6 10 11 15
6 8 10
1 8 10 11 12
2 7 14
2 3 6 10 13
8 10 11 12 13
2 3 9 10 15
2 3 4 6 10 12 13
3 10 12 15
1 3 6 11
5 7 10 11 13 15
1 2 6 8 10 12
2 4 7 8 9 10 13 14
1 4 5 6 8 9 11 14
6 8 9 11
3 9 11 12 13 14
1 3 7 8 9 13 14
6 8 10 12 13 14
1 3 14 15
5 8 10
1 7 10
