13 15
5 6 7 9 10 13
1 2 4 5 9 13
4 8 9
1 5 9 11 13 14 15
2 8 13
5
5 6 11 13
3 10 11 13
3 9 14
5 7 11
1 2 4 5 6 10 12
4 8
7
1 4 13 15
5 7 15
3 5 8 9 15
3 7 9
1 4 7 8 9 10 12
2 6 11 12 14 15
2 5 12 15
1 2 3 4 7 11 14 15
2 3 7 10 13 15
3 10 11 13
5 12
1 2 9
2 8 13 15
1 2 6 10 11 14 15
4 5 7 9 11 14
3 5
4 6 9 10 15
7 8 12 14
3 5 6 14
3 4 8 12 13
2 8 10
1 2 3 4 7 8 12 13
1 11 12
6 9 10 11 13
2 3 4 10 11 15
7 11 14
4 8 10 11 12 14
10
7 13
1 2 8 9 11 12 13 14 15
1 2 6 8 9 10 12 13
2 8 13
2 6 8 10 13
1 2 4 9 12 13 14 15
2 3 8 12 14
1 5 7 12
3 7 10 12 14 15
4 12 13 15
9 12 13 15
4 11
2 5 10 11
1 5 6 7 13 14 15
1 2 3 6 10 12
1 2 4 6 10 12 13
2 7 8 10 14
9 13 14
1 3 7
1 7
4 6 7 8 11 14 15
5 12 14
6 7 8 12 13 14 15
2 6 9 13 15
1 5 7 10
1 4 5 9 10 12
3 5 7 9 10 11 13 15
5 7 9 15
2 7 13 14
7 10
1 2 3 4 8 9 14 15
2 5 9 11 15
5 14
3 9
1 3 9 11 14
1 2 12 13 14 15
2 3 4 5 7 9 10 12
4 7 8 11 12
2 6 8 13
1 9 10 11
7 11 12 14 15
1 2 3 7 8 14
7 11 13 15
5 6 8
2 4 10 11 14
4 11 14
1 5 7
4 6 7 9 12 15
1 3 4 7 11 12
3 4 5 6 7 9 10 11 14 15
5 7 9 10 13
7 8 12 14
8 15
3 4 6 8 9 11
8 11 15
1 10 12 14 15
1 2 4 5 9 11
6 8 13
4 8 9 10 13 14
6 7 10 15
1 2 7 12
1 5 8
1 4 14
14
2 3 4
3 8 11 13
2 4 7
14
1 2 3 7 10 11
8 9 12 14 15
5 7 8 12 15
2 3 5 15
4 6 8
3
1 7 12
1 4 5 6 9 10
5 10 11 14
1 2 6 7 8 9 10
1 7 11 14
2 3 7 10 12
5 10 12 15
2 4 5 11 12
6 7 10 12 13 15
3 7 11 12
6 9 11 14
1 6 8 14
1 4 7 10 12 13 15
1 2
1 2 5 7 13 14
5 6 7 10 13 15
3 7 13
4 15
2
3 11 13
6 11 13
4 5 12
3
2 3 4 7 11 12
2 8 11 13
2 12 13 15
2 3 7 13 14
7 12 13
2 7 10 11
5 10 12 14
3 4 5 6 9 10 12
10 11 12 14
1 5 7 9 11
3 6 9 11 14
1 2 15
5 7 8
2 12 13
1
1 2 3 4 8 9 11 15
2 5 6 8 10 12 14
1 3 8 10 13 14
1 2 3 4 8 11 13 14
1 4 7 9 13 14
4 7 10
3 4 7 9 11 14
1 2 6 7 8 10
6 8
4 7 9 10 15
9
3 4 8 10 12 13 14
4 6 9 11 12 13
5 8 11
4 5 10
9 10 11 12 15
3 4 6 7 15
3 6 9
3 8 9 12 15
1 2 13 15
5 14
2 3 4 8 10
4 8 9 13 14
1 3 4 6 10 13
1 3 4 5 6 8 11
2 4 9 12
4 5 7 11 14
7 14
2 5 6 8
1 3 4 5 10
4 7 8 10 12 13 14 15
2 4 5 6 8 11
3 4 14 15
3 4 5 9 10 12
1 7 11 12 15
1 3 9 14
2 7 12 15
2 4 9 13
1 2 4 5 9
5 8
2 5 7 10
2 13
8 9 12 15
4 5 8
2 5 7 10 13 14 15
10 14 15
