13
9 13
7
2 15
1
11
6
1 4
2
13
9
14
2
4
8 9
14
8
1
3 4 10
15
3
1 7 15
6
9
9
8 12
2
10
2
15
4 15
4
4
1
15
3 11
4
6 10
7 15
9
10 15
6 15
3 10
1
9
2
14
4 9
11
13
6
5
5 6
12
3
13
10 14
8
12
9
4
2 6 9 14
1 12
5
5 6
1 15
14
15
4
5
11 12
12
2
12
15
1 3 14
4 15
1
7
7 10 13
10
6 13
1
2 3
4 10 12
8
2 15
7
3 7
2
9
3
2
2 6 10
7
11
13
2
5
3 8 9
3 12
9
9
12
4
8 9 12
15
8 10
8 9
11
5
2 6 12
1 2 5
12
1 5 6
11 12
2 13
9
1 6 8
14
3
3
7
5 11
2
3
9
4 6 10
5 7
13
14
11
5
8 13
1 9
5 6
2
10
5
14
12
7
4
5
5
5
11 15
9
7
4 12
8
12
7 9
13
9
11
11
7
2 3 9
3
3
15
6 7 13
11
5 12
4
14
3
7
4
1 15
2 12
5 10
8
7 12
4 8
11
10
12
7
7
6
5
6 12 15
3
4
7
11
4 12
1
13
6 7
5
8
5
4
7
1
15
8
