3
2 10
11
6
11
6 15
3
8
9
11
4 6 8 11
3 14
12
11 13
5 10
15
2
1 6 8 11
12
12
14
7
8
2 10 15
10
15
1
2 3
3 4
5
5
8
5 9
1
2 4 8
4
15
13
12
5 10
5
2 3 5
11 15
14
5
7 8
7
7
9 15
2 13
9
13
6 11
14
2 15
11
13
7 13
8 9
1
7
3 9
4 6
11
13
2 5
4
5
13
3
12
11
8
5
12
3 14
12
5
4
8
3 10
1 6
12
7
2 7
10 14
2
2
7
3 12 14
13
5
7
4 10
1
9
5
14
13
15
7
4
15
14
4 9
5
6 14
5
6 11 13
1 7
7
12
5
10
6
14
2
4 10
5 15
2 4
4
9
8
12 15
4 13
13 14
5
8
9
11
9 12
8
5 15
1 2 9
2
8
1 11 15
9
4
13
12
3
3
8
11
13
12
11
9
5
15
13
10
1
4 6
9
12 15
14
15
3
4
13
6
9
15
4 7
11
4
2
12
10
5 10 12 14
6 15
13
4
5
7
12
5
4
11
1 9
6 9
10 11
5
7 10
3
1
6
5 12
11 14
6 7
15
10
4
2
11
14
11
8 15
