13
2 14 15
1 3 5 10 11 13
2 7 9 14
1 4 7 12 14 15
5 7 12
2 15
5 7 11
1 6 8 13
11 13
2 5 8 12
3 4 7 8 11 13 14
2 9 10 14
2 3 4 6 14
11
1 4 13
2 13
4 14 15
4 5
8 13
1 2 4 7 10 14 15
4 5 8 11 12 15
10 13 14 15
5 7 9 15
1 11 15
3 5 15
2 5 11
3 4 7 12 14
5 6 12
4 8 9
4 8 11
9 12 13 15
2 5 6 14
1 9 11 12 15
3 7 12
4 5 12 13 14
1 12 14
2 3 8 9 10
3 10 13 15
1 7 11 15
13 15
2 4 11
5 7
2 3 7 11 15
1 4 12
1 7 11
3 7 15
1 7 8 10 13
1 4 8 9 12 14 15
2 5 7
2 5 10 14
7 12
7 9 15
5 6 8
7 9 12 14 15
2 3 4 12
1 4 6 9 10 12 14
4 5 9 12
1 5 7 8
3 10 11 12 13 14
7 9 11
1 4 5 14
6 9 11
3 10 12
7 12
4 5 8 13
1 11
2 4 11 12 14
1 4 9 10
1 3 11 13
1 4 7 8 9
1 7 11
1 7 8
4 9
4 6 10 11
1 5
6 7 9
3 5 8
8
3 6 8 11 14 15
6 7 9
1 3 5 12 13 15
2 8 12
5 6 15
4 6 11 14 15
2 3 5 6 10 13
1 2 6 13 15
3 7 8 9 14
5 8 11 12 14
3 8 13
8 10 13 14
8 12 15
2 7 10 15
3 9 12 14
1 2 3 6
1 5 7 10 12
1 5
4 10 13 14
11 14 15
3 15
4 12 14
3 4 6 8
5 6 15
2 5 7 9 11
7 11 15
1 8 11 15
8 9 14
1 3 10 11 13
4 9
3
5 6 10 13
10 11 12
2 4 15
2 7 8
1 2 5 7 12 15
1 6 12 15
6 8 11 13 15
7
1 3 8 12
3 12 15
2 3 11
5 11 14
1 11 15
1 2 9
5 15
1 2 6 10 15
3 10 13
3 7 10 15
3 7 8 10
1 9
2 3 12
4 5 6 9 12
1 7 11 12
2 5 7 8 10
1 4 7
1 3
6 7 11
4 9 14
6 13
6 12
1 8 13
3 4 5 6 11 13
2 3 4 6 10
5
3 10 13 15
6 7 8
10
3 4 7 11 12
6 8 11 14
3 4 7 9 14
1 2 3 7 14 15
4 5 12
11 14
2 14
2 4 5 7 8 9 11
2 4 7 10 11 13
2 8 11
1 2 9
2 6 10
3 10 12
1 12
7 9 11 12
2 4 15
13 15
2 4 5 12
1 10
4 5
1 2 5 8 11
6 8 13 15
3 8 9 15
1 2 5 7 13
7
4 6 10 11
1 4 10 14
1 3 5
5 7 12 13
2 4 5 7 10 14
1 3 14
8 9 12
8 11 12
3 4 5 9 12
5 8 10
12 13
4 6 9
2 3 6 7 12 15
2 4 12
1 3 9 12 14
6 12 15
1 4 5 6 13
4 9
4 6 9
2 3 9 12 13
2 8 12 15
1 3 7 9 10 13
4 5 6 11 13
14
1 3
3 13
3 6 8 10 11
5 7 8 12
