7 12
7
5 8
4
7 13 15
7 8 10
1 3 13
1
15
4 5
4
15
8 13
3
14
4 11 14
2 8 10
4 10
2 13
8
3 9 11
3
11
7 12
4 13
13
9
10
9 13
7 9 13
15
12 15
5
15
7 11
3 4 11
1 10 11
10
1 14
13
9 13
5
3 14 15
6 10 13
2 4 15
2 5 14
6 9 14
1
5
4 13
7 14
2 4
2 6
1 5
14
5 6
5 11 13 14
2
6 7 8 9 11 15
9
6 14
14
13
10 15
8
5 10
4 8 9
3 10 15
2 3 7
11
3 6
14
9
6
4 7
12
2 3 10
1 11 15
6
3
8 10
3 5 12
5 7 14
7
14
1
2 5
3 13
8 12
3 7
4 14
9
10 14
6 11 15
7
7
4 7
11
6 13
14
3 7 9 14
3 5 9 10
5 6 12
11
4 14 15
6
8
6 13
4 11 13
3 8 10 13
5 9 13 15
3
3 6 10
6 7 8 15
2 5 9 12
4 13 14
15
8 13 14
2
4 7 14
11
3
7
1
4 15
2 4
3 14
3 6 9 10 14
10
15
11
7 8 15
7 11 14
10
5 10 12
7 9
1 14
15
4 7 10
8 14
5 7 13
8
2 10
5 8
10
3 10
1 2 6
2 12
12 14
7
9
3 4 7
1 10
15
10
4 6 14 15
12
4 6 10
2 7
1 7 9 15
2 7 13
1 5
2
10
8
1 2 3 11 12
4 9 10 11
11
2 6 12
7 9
3 6 8
3
9
1
4 11
11
7 14
1 8 13 14
4 10 14
5 10
6 14
1 2 7
1 3 9 13
4 13 15
1 5 7
2 8 15
3 5
7 8 10
6 10 13
9 12
2 8
7 11
14
1 7 8 15
1 2 4 9
1
1 3 4 8
3 4 10
8
11
