2 12
4 9 14
1 7 9 15
14
7
4 7 9 11
2 7 12
4
3 7 11
1 8 10
1 5 6
3 7 10
7 9 10
4 10 12 13
8
11 15
1 2 4 7
4 6 9 12
3 4 9 15
3 6
7 13
3 10 12
2 4 11 13
14
3 5 12
1 2 6
1 7 13
6
1 5 6 8 11 13 14
2 3 7 8 15
5 6 9 11
10 11 12
4 11 15
1 7 8
3 6 14
1 7
3 6
2 4 8 10 13
2 4 8 10 12 14
1 5 7 8 12
2 3 4 7 11
4 6
1 2 8 12 15
2 6 7 15
2 9
4 7 10 12 15
3 10 11
11 12
1 2 4 9 10 14
10 12
4 9 13
5 6
7 9
7 8 11
4 11
14
4 6 8 12 14
3 7 9 10 14
3 9 13
1 2 4 7 13
9 15
2
2 7 8
6 14
6 11
5 7 10 14 15
9 13
1 4 5 6 7 9 15
3 4 12
3 8 11
2 11 15
1 2 10
1 2
3 15
4 12 13 15
5 7 14
2 4 13
1 6 8 9 13 14 15
2 10 11 14
2 5 7
1
8
1 6
8 11
5 7 12
7 13
2 11 12
1 3
9 12 13 14
15
5 10
1
6 8 15
6 9 10 13
6 9 10
3 8
1 2 3 8
2 5 7 12 13
3 4 10 13
6 10
10
8 9
9
12 14
9 14
2 5
1 6 7 8 14
3 8 10 11
1 4 15
14
13
1 5 6 7 9 13 15
3 4 13
1 2 4 5 8 11 14
2 5
6 8
6 13
7 11 13
4 5 6 7 14
5 6 8 9
6 12 14
4 8 12 13
2 3 4 5 6 7 8 13 14
6 13
5 6 7 9 13
1 5 8 12 13
1 5 9
1 6 11 12 13
1 6 7 9 14
2 8
1 7 8 10
1 5 8 12 13
1 3 6 7
6 9
6
2 3 5
6
3 4
8 9
1 12
8
1 8 9
12 14
13
3 5 10 13
2 14
2 5 9 14
1 6 11 12 14
13 14
1 13
1 2 7 9 14
1 7 9
2 3 4
3 5 6 14
6 8 10 12
3 5 8 11
2 7 9 11
3 6 8 10 11
2 7 8 14
9 14
1 11
4 7 13
3 14
2 5 6 13
6 11
5 11
3 5 10
4 7 10 13 14
3 14 15
1 3 11 13
2 3 10
6
1 9 12
3 9 10 15
3 4 7 11
6 12
1 7 15
2 3 5
6 9 12 15
6 8
4 5 9 10
13
3 7 11 13
13
5 6 8 9 13
2 3 8 11
5
7 13 15
1 2 4 15
2 5 7 9 13 14
7 12
7 8 12 14
11
1 12
2
1 8 10
2
1 4 6 7 12
1 5 14
13
