3 9 11
6 7 12
4 7
5 10 11
3 6
9
1 4 5 9 13 14
1 2 11 13
2 6 9
3 9 11 13 15
4 14
1 2 3
6
10 13 14
2 6 12
4 12
4 6 11 13 14
8 9
9
7 10 14
2
2 14
8 13
1 4 6 10
6 8 9
1 14
3 7 8
1 2 4 7 10
4 10
3 7
9
13 14
5 12
1
6 10
7 12
13
7
7
7 8 10
9
4 7 8 9 12 13
8 12
1 2 5 14
13
5 7 13
6 9
3 9
1 5 8
4
1
4
7 12 13
1 3 11
3 7 12
2 3 5 6 10 15
1 14
2 10 13
7 11 12
8 13
15
3 4 13 15
4
2 5 8 9 13
8
1 3 13
9 11 12
4 13
5 10 13
7 10 14
2 3 8
1 7 9 11
4 5 9
3 11 14
9 14
6 10
3 15
8 13
3
5
6 10
2 12 14
4 6 12 13
1 11 15
5 6 9 12
5 8
5 9 12 14 15
6 9 11
4 14 15
6 7 12 14
8
5 7 11
7 11 15
4 10 11 13 14
4 7
12
1 3 9 11
4 9 13
4 9
7 8 10 14
10 14
2 13
10 12
3 8 9 10 13
13
5 8 9 12 15
1 7 13
1 2 3 6
2 4 5 6
15
6 14
3 6 7 8
2 12
4 7 15
3 13 15
1 2 5 8 14
1 3 7 13
2 6 8 9 10
9
1
5 9 11
10
4 12
6 13 15
2 8 9 14
2 6
2 12
4 8 12 13 14 15
2 15
3 5 8 10
6 8 9
1 5 8
1 2 4 8 14
4
9 10
5 6 11 13
1 11 14
12
3 13
8 14
3 4 5 10 13 15
1 7 13 15
1 8 13
3 6 9 14
1 7
5
5 11
9
1 3 5 13
3
13
4 8
8 9
3 13
4 8
4
11
4
3 15
5
4 14
15
13
12
8 9 15
13 15
1 5
3 5 7
6
5 15
1 3
2 8 14
4
5 10 12
1 15
10 12
6 7
4 5 10
3 6 10
7 14
2 3 15
3 9 15
7
4 7 15
8 10
3 6 10 12 14
11 14
5 7 10 11 13 15
1 12
1 14 15
5 13
4
1 4 5 11
3 7
3 6 11 13 15
2
2 14
14
2 5 10
8
