1 2 3 9 13 16 21 24
1 16 19 24
6 11 17 23
3 6 8 11 13 18 20 23 25
5 10 11 15 19 20 21 22
2 20 21
5 8 10 17 21
1 3 6 7 10 17 18 23 25
3 4 7 13 16 23 24
3 7 9 10 19 20
1 9 14 21 22 23 24 25
10 15 16 17 18 20
1 9 19 20 21 22
2 6 8 13 15 19 22
7 10 12 14 20
6 8 12 15 17
7 10 13 14 20 23
1 2 11 22 25
3 7 13 14 16 22 24
5 6 8 9 12 16 22
4 7 8 15 17 21
10 12 19 20 22 23
6 8 10 13 16 21 24
3 7 9 11 12 13 14 17 21 25
1 5 8 9 15 16 19 23 24
1 4 5 6 7 8 11 22 24
7 10 14 16
10 15 17 20 21
3 5 7 8 12 16
19 20 21 25
2 4 12 14 16 17 18 24
3 4 13 17 21
8 12 17 22 24
5 14 24
2 6 8 12 14 17
1 20 21
3 6 7 12 14 21
7 10 13 21
1 11 15 17 20 25
5 7 11 12 13 19 21 22 23 25
1 8 9 10 15 18 22 23 24
4 8 10 13 17 20 21
1 2 4 5 10 18 25
8 22
1 3 10 15 16 19 21 22 24
5 25
6 8 10 12 17 23
1 7 9 19 23 24 25
1 6 10 11
1 14 16 17 22 23
6 14 21 22 24
1 3 7 9 10 11 19 20 25
5 22
6 7 8 10 13 15
4 5 6 10 11 15 18
3 9 12 16 19 20 21
3 18 24
1 3 7 8 12 14 21 22
1 9 11 14 18 20
7 14 19 20 23
1 7 9 11 13 17 23
3 12 16 17 18 20
2 9 12 15 25
2 5 7 11 15 17 22 23 24
3 6 7 9 14 17 20 22
3 4 9 12 17 18 20 22 24
6 7 10 16 20
1 7 12 16 20
1 3 10 13 17 19
10 11 13 15 21 25
4 6 7 11 13 20
1 8 12 17 21 23
2 4 6 24
3 6 12 13 16 18 19 23 24 25
2 4 10 11 13 14 18 23 25
7 9 10 16 18 19 23 24 25
5 7 8 14 18 20 21 24
8 10
9 12 16 25
5 18
1 2 8 10 24
10 16 19 24
2 3 13 17
2 3 5 6 17 21 23
1 4 8 11 12 13 20 22 24
2 5 6 7 9 10 15 23
8 14 16
2 8 12 16 19 20 21
5 11 15 16 17 18 23 25
8 14 15 18 23 24
2 4 14 21
1 7 15 19 20 22 24
6 10 12 16 21 23 24
2 4 7 9 13 15 16 17
10 11 17 18 24
4 7 8 11 15 16 17 18 19 20
4 15 17
1 2 3 6 14 19 20 21
2 5 9 10 14 24
4 6 7 11 16 18
2 12 16 17 18 21
2 3 14 15 17 22 24
8 15 20 21 22
8 10 12 15 22
3 5 13 17 20
1 5 11 15 17 24
1 5 6 7 8 14 18 21
2 8 11 12 16 17 19 23 25
1 4 8 10 16 18 20 21 24
1 2 13
1 6 10 15 19 23 24
6 9 23 24
4 9 10 11 15 20 21 22
1 12 21
3 4 7 12 16 19 20 22
3 5 12 18 21 22 25
4 8 10 13 15 16 18 22
4 5 9 10 13 19 20 22 23
7 8 9 11 21 22
1 6 10 15 20
2 5 7 9 10 20 21
1 3 5 6 8 13 16 21 22 24
2 4 7 8 12 19
1 2 6 7 8 16 18
3 5 7 9 12 19 21 24
2 6 10 12 14 23
3 4 9 15 18 20 22 25
10 11 14 15 18 23
2 3 4 14 16 19 20 23 25
1 3 6 7 8
1 4 9 10 13 16 18 20
3 10 19 20
4 7 12 15 24
1 3 5 7 9 14 18 21 25
5 10 14 20 21 22
2 6 7 9 13 14 15 16 20
7 15 23
3 5 8 16 17 22
3 4 9 10
16 19 25
5 10 12 15 23
2 3 15 23 24 25
1 11 18 20 24
1 10 15 16 19 21 25
2 3 6 8 12 17 24 25
7 10 11 13 15 16 20 22
1 4 7 9 13 19 23 24
2 4 6 8 10 14 17 22 24
7 11 12
6 7 10 20 24 25
2 5 8 10 13 14 24
8 10 17 18 23 25
4 7 22
7 8 21
5 14 17 19 20 22 25
4 5 8 9 12
3 7 8 9 11 15 17
2 6 11 13 22
1 9 11 12 17
1 2 5 7 10 12 14 16 25
6 7 8 11 12 16 22 24
4 5 12 15 19
3 6 12 14 18 22
1 9 10 13 14 17 19 20
9 10 11 14 24
3 4 11 20 22 25
3 5 7 16 17 25
4 7 11 17 19 20
2 7 8 9 10 12 13 16 17 24
23
5 11 14 20 22 24
1 7 8 24
10 13 14 16
5 10 12 17 18 21 22 23
1 4 6 8 11 12 19 21 22 24
7 9 13 14 24
1 4 7 8 18 19
1 10 11 12 19 23 25
1 4 5 8 16 17 19 22 24 25
4 5 9 10 13 19 21
2 3 4 5 13 15
2 5 7 9 13 16 25
3 5 10 11 12 25
1 17 18
16 22
1 5 8 22 25
3 12
2 3 12 13 19 23 24
3 4 5 13 16 23 25
2 4 13 14 15 20 24 25
1 5 11 12 20 23
2 5 13 14 17 19 22
6 11
2 8 10 11 13 15 23 24 25
12 15 18 19 20
1 12 14 20 21 23
4 5 11 15 16 22 23 25
3 5 9 10 18
3 9 11 17 18 21 23 24
5 6 8 9 13 17 19 22 23
