1 7 8
3 20 25
1 10 11 19
16 18 24
10
25
8
8 10 19
6
12 15 20
3 5
5 18
4 9 15
11 12 14 18
9
8
5 7
24
1 10
16 17 25
8
10 14 19
2 8 15 16
1 14 23
18
6 17
2 6 15 25
11
20 23
3 8 12
3 7 8 19 22
2
8 10 17 21
2 8 13 16 21 25
12 24
7
22
3 12 24
18
14 24
11 16
9 16 17
7 8 10 24
6 14 21 25
2
3 8 16 20
12 18
2 24
7 13 17
1 5 17
5 25
13 17
14 20
20
23
22
5 14 16
17 24
3 22 23 24
8
11 14 16 19 24
2 10
2
10 25
14 17 22
20
5 12 13 20
13 18 23
20
6 8 25
2 12 16
2 13 14 16
10 15 16 18 19
3 7 8 22
1 2 14 19 24
21
9 13 17 24
9
1 2 6 7 9 24
8 12 22
6 17 21 23
4 5 6 18 21
4 22
5
3 7 13 14
19
4 9 12
5 6
7 20
3 10 24
1 3 4 20
17 25
4 12
5
2 6 25
1 12 13 14 17
25
1 10 25
13 14 19
7
14 20 24
8 14
8 20
1 9
8 15 17
1
17 18 19
12 19 22
17
7 12 13
6 8 9 12 21 24
6 18 23 24
1 18 24 25
5 8 13
9 14 19 24
6 8 9 12 14
4 11 21 23
7 21
1 4 16
12 17 22
4 15 21
5 15 21
19
2 4 16 20 21
10 14 24
14
7 9 21
1 3 12 18 19 21
17
21
5 22
5 14
1 4 10
15 18 20
5 12 25
3 8 10 24
3
9 10 13
2 8 16 24
1 13 18 20
1
14 15 23
2 3 10
6 25
11
2 9 14 25
2 3
6 8 11 20 22
1 7 13
1 5 11 20 22 24
8 11 13 15 22
13 16 23
23
4 5 15
24
8 18
17 19
1 14
5 12 17
9
20
2 3 5 15 23
1 3 13 15 22
1 2 9
10 25
3 22 25
12 25
3 7 17 25
1
4 8 16
1
1 7 11 12
6 21 24
2 11 16
8 16
2 4 5 9 10 11 14 15
3 7 9 10
4 13
17
2 24
7 14
2 7 24
7 25
8 13 17
2 3 10 13 19 23
1 11 24
1 13 15 21 25
6 12 14
1 5 23
4 5 6 9 17 21
5 13
2
2 3 15 16 23
4 7 10
7 8 11 25
4 13
11 17
12 22
1 11 23
1
