4 13 22 25
5 7 8 12 17 22 23
17 20
1 6 10 16 17 24 25
4 7 22 23 24
1 2 4 5 10 13 18 21
1 3 9 11 17 19 20 24 25
1 6 12 13 16 17 19 23
4 12 13 17 19 25
1 9 10 11 12 14 15 19 21 25
6 8 10 19 20 22
2 5 16 18 21
16 24
8 10 12 19 24 25
4 11 19 21
7 15 20
1 10 18
11 12 13 16
14 16 22 24 25
2 13 15 25
13 14 21 25
12 14 15 21 23 25
4 10 14 15 18 19 23
6 17 23 24
2 7 17
7 13
5 11 14 24
10 12 16 18 22
1 9 10 19 20
9 12 14 18 19 24
5 11 15 20 22
2 4 5 13 20
2 5 8 17
1 6 18
1 5 11 23 24
6 12 21 23 24
3 7 12 17 24
9 11 13 16 19 23
3 4 8 12 14 16 21 23 25
9 11 16 24
5 8 10 16 18
4 6 8 13
4 6 8 10 15 16
1 5 7 13 15 20 21 22
1 20
5 6 9 12
8 9 13 14 15 21 22
2 15 18 20 22
5 9 17 19 25
2 8 13 23
6 8 14 23
5 6 8 23
16 19 21 25
2 6 7 8 20
1 4 9 11
2 11 13 17
4 11 12
1 3 7 13 16 25
3 10 12 14 16 17 23 24 25
4 7 20
10 19
5 9 11 12 25
9 12 20 21 24 25
2 4 8 12 14
4 8 10 24
12 21 22
5 11 24 25
6 8 19 22 24
1 3 11 14 15 16 17 18 22
11 20 22 24
2 5 7
1 5 7 13 15
1 4 8 11 12 16 24 25
7 13 15 22 23 25
1 13 15 24
4 7 10 17 18 20
2 11 14 19
1 3 9 10 12 14
6 7 14 22
4 14 16 19 23 25
4 10 11 20
1 4 5 23
11 23
4 5 6 8 12 17 22 23
4 6 8 12 13 15 18
1 5 8 11 13 22 25
3 6 8 12 13 22
3 4 11 21 24
3 5 6 8 14 17 19 22 23
4 6 7 8 13 18
2 5 16 21
1 8 12 18 23 25
7 10 14 16
2 3 5 9 12 20 23
21
7 8 12 13 15 16 20 24
2 4 10 11 12 15 17 24
2 6 9 10 12 14 19
5 19 22
2 5 6 8 9 10 13 17 24
1 2 4 14 18
4 8 10 14 17 20
12 13 14 17 23
1 3 8 10 15
16 18 19
7 19
7 20
10 14 25
1 7 15
16 17 18 24
4 6 7 10 20
1 5 8 15 20
1 3 4 16 20
3 7 13 14 25
2 5 9 12 21 23
3 4 8 19 21
2 6 7 12 19 23 25
4 6 7 8 14
10 11 12 14 19 22 24
13
1 7 11 13 14 15 16 17 23
5 9 16 23
9 11 14 17 23 24
1 19
1 7 15 17 23
2 6 19 20 22 24
1 6 9 10 20
17 24
19 23
8 20
6 13
10 13 16
4 5 8 9 16 19 22 25
1 5 8 15 20 23
1 4 8 15 17 24 25
14 16 20 25
8 10 24
2 3 20 21
4 5 8 11 12 14 16 18
2 3 4 7 13
3 6 7 14 15 16 17
2 3 4 20 22 24
2 3 6 8 13 17
3 5 12 15 16 21 25
2 13 15 23
9 10 11 13 16 17 18 19
10 13 16 19 23
9 17 20 21 24
5 10 11 12 16 21 23
3 12 13 20
3 7 12 17
6 19
1 3 12 23
2 3 8 9 22
4 6 14 15 17 18 19 24
7 9 14 16 21 22
9 11 15 18 23
6 9 15 18 23
4 10 17 19 23 25
11
3 11 16
1 2 4 11 20 25
3 16 19
8 13 17 25
4 6 7 17 24 25
4 5 6 7 10 16 21 23 25
4 5 12 20
15
1 21 22
7 19 23
5 7 13 17 21 25
19 20 24
2 4 14 15 22
6 16 20
1 3 7 11 19 20
1 2 5 8 10 23
1 4 5 8 14 22
7 10 13 24
1 4 18
1 6 8 13 19 20 25
1 3 10 13 19
3 5 12 13 15 17 22
3 7 15
3 8 18 19 22 25
7 12 16 23
9 14 19
7 22
4 11 21
3 4 7 8 11 13 19
1 4 7 11 12 14 21
4 15 18 19 20 25
1 4 5 6 7 10 16 19
2 6 8 14 25
5 9 11 13 16 24
2 15 16
4 6 8 21
3 6 9 15 16
2 11 14 19 20
11 15 17 19 20
3 4 8 19 21 23
