8
10
24
16
17
3
3 25
15
3 9
2 14
4
18 22 23
19
6 7 11 23
3
9 14 24
14 17 24
10 17
1 9
10
12
14
2 6 15 21
16
17
8
12 16 23
25
21
3 24
9 13 25
24
7
12 22
11 15
12 15
12
8 14
18 23
3 25
12
8
9
13 15
7 25
13 14 23
6
20
3 13
10
23
21
9
6
2 9
9 10 16
19
18
11 15
22
21
4 20
8 21
21
8 23
2
2
8 10 12 22
17 21 23
1
2 22
6
3 15
5 6 16
12
2 11 13 19
9
12
3 4 13 14
8
3 6 8 13 16
2 7
9 18
4 13 17 22
23
9
15
6 13 19
6
17 22
5 18
9
3
24
4 18
2 18 20
25
5 10 11 23
23
6 24
6 15
16 25
23
11 21 23
6
18
4 20 24
17 20
18
23
12
8 21 25
2 6
21
1 3
5 14 24
16
2 5 10
3 14 24
24
16
8 10 13 20
18
8 10
21
6 7 10 24
3 8 23
3 10 25
10 13 16 21
1 7 14
12 19
3 6 7 14
3 11 16
5 23
6
11
13 24
15 18 25
9 22
19 25
14
4 8
4 15 25
2 8
4 6
3
9
9 10
12 19
13
19
1 2 12
1 9 11
8
1 14
16 18
3 23
17
22
15 22
2
21
13
12 15 24
10
13
6 20 23
3
4
5
1 8 18
1 9 22 24
2
22
11 17 22
17 20
13 19 21
7 20
21
3 16
1 16
1
7 10 15
6
6 15 16
4
2
11
9 11
8
13
21
4 13
20
23
3 5
17 22
1 6 9
16 25
9
