8 18 19 22
6 14 17
11 16 23
5 11 17 21 22
4 7 9 10 14 24
6 8 13 16 17
13
2 9 18 19
4 8 9 11
9 12 21
4 8 11 13 21
7 10 13 16 25
1 6 9 12 23 25
5 15 16 19 20
5 6 10 12 13
3 4 7 8 11 13 22
1 2 6 22
1 12 15 20 22 24
10 17 18 24
6 15 18 23
10 12 20
7 10
3 23
2 18
24
2 12 16 24
18 20
2 6 11
12 20
1 2 6 16 19 22 23 24
3 17 21 25
1 2 4 7 23
9 13 25
1 16
2 9 25
11 22
3 4 5 6 12 14 21
5 8 14 16 20 24
13
17 25
13 14 18
5 6 20
4 9
5 10 13
17
2
9 12 14 15 20 24
5 11 13
3 5 6 11 15 21 22 23
3 6 20 21
5 10
5 14 25
6 9 14 16 25
1 5 8 23
1 2 20 22 24
1 4 15 17
6 8 17
4 9
1 12 16
5 6 13 24
2 6 14 15 21 23
17 22
16 20
4 10 21 22
4 8
10 15 17
14 22 25
4 7 19
2 3 12 14 19
8 9 10
1 4 9 11 19
14 16 17 22
12 17 21
2 13
5 9
4 8
4 12 17
9 19 24
7 10 23 24 25
6 8 10 13 14 16
4 6 12 25
6 7 9 10 20
8 11
13 20
3 7 18 19
3 7 16
6 9 11 13 15
8 16 17 21 23
1 7
4 6 12 14 17 18 23
2 3 8 19
3 5 10 14
1 21
7 9 11 14 18 24
6 12 15 21
7 8 9
1 22
1 2 12 15 16 21 22
1 11 12 13 14 17 25
23
3 5 12 16
3 8 10 11
9 11 15 17 22
6 16 23
4 10 14
2 7 8 12 13 14
5 11 12 21 23
10 17 21
2 3 11 24
11 16 17 19
9 14 15 20 22
17 19 25
19 23
6 7 21
2 11 16 19 23 24
17
13 21 23
1 4 5 15 18 20 24
5 12 16 17 19 21
3
3 14 16
6 16
18
1 15
4 25
6 7 23 24
7 17 18 22
4 7 10
4 5 10 21 22
2 23 25
18 22
1 2 3 11 13 14 16 17 24
6 20
8 14 15
3 7 11 17 19 24 25
16 20
1 6 11 17 23
4 10 13 15
1 8 9 23
10 12 15 18 21
2 6 9 16
1 3 14 16 25
22
2 5 7 9 19 20 24
1
2 4 6 10
5 16 17 19
3 11 22 23 25
3 6 13 18 25
1 8 9 15 16 24
2 17 22
4 11 24 25
3 10 15 22
10 11 12 15 17 21
7 10 20 22
6 10 14 20
2 7 22
4 10 13 16
9 24
2 8 10 21
1 2 8 12
8 10 12 18 19 22 23 24 25
1 17 21 22 24
4 11 17 20 23
2 14 17
5 11 13 16 17 20 24
11
6 12
2 4 11 12 16 24
4 16 18 24
10 13 15 20 23
11 13
1 10 15
24
3 7 10 11 18
3 4 19 20 24
3 5 6 13 14 15 17 18
4 9
3 5 12 15 22 24
2 6 9 15 16 24
8 9 13 24
3 10 25
10 16 19 20
3 17 19 23
2 15 24
3 13 15 17 19
7 8 9 18 23 24
12 19
1 6 18 23
5 7 13 25
3 11 12
12 17
3 4 6 11 18 20
6 19
2 7 25
2 4 14 18 20 22 24
2 4 18
10 13 14 17 20
5 6 16 17
23
