8 14 15 22
6 16 17 25
9 10 13 19
1 3 6 7 9 11 12 21 22 23
3 16 18 19 22 23
3 13 16 18 24
4 6 7 11 24
2 8 11 13 17 19 21 22 25
1 14 17 20 24 25
3 7 8 10 19 22 23
1 2 5 7 10 11 15 17 19 21 25
1 5 8 10 17 21 23
4 5 10 11 13 16 18 21 23 25
5 7 8 10 12 15 17 21 22 23
3 4 6 10 12 13 20
4 10 11 14 15
2 5 7 9 12 13 19 20 25
3 6 7 9 12 14 16
6 9 12 17 19 20 23 24
1 2 3 8 11 12 21 22
1 4 6 9 10 14 18
1 3 7 12 15 17 19 20 25
5 6 13 17 20 22 25
3 12 14 18 19 24
3 8 10 12 14 16 17 23
1 2 6 8 10 11 14 16 17 18 21 25
1 2 3 4 5 13 16 20 24
6 7 8 9 16 18 22
1 6 10 11 15 21 22
7 10 12 13 16 18 22 24
6 8 10 14 17 22 23
5 8 15 16 18 19 20 24 25
2 3 5 6 7 11 16 21 23 25
5 8 10 11 14 16 18
1 2 12 13 17 21
4 7 10 11 12 13 15 21 23
1 3 8 9 14 18 22 23
2 8 13 14 16 18 19 20
11 13 21 24 25
4 14 15 16 17 18 20 21 23
1 11 15 20 21 23
7 9 18 23 24
2 4 7 8 16 18 20 23 24
2
4 6 11 14 19
4 6 7 8 21 25
3 5 12 15 17 20 22 23 25
1 3 5 10 12 19 23 25
5 6 13 24 25
10 14 24 25
6 8 9 10 16 18 21 24
2 3 4 7 8 9 18 19 20 21 22
13 15 16 23
15 16 22 24
5 8 13 15 16 20 22
7 17 18 25
6 7 10 12 14 16 19 23
1 2 4 6 8 11 12 20
3 4 6 13 20 22 23
8 14 16
2 7 11 21 22 23 24 25
2 7 9 10 14 17 18
2 3 10 12 14 15 16 19 20 22
1 9 16 18 21 25
8 11 13
2 9 15 17 18 19
2 3 10 12 18 20
2 4 8 10 11 15
2 5 10 12 14 24 25
2 5 7 19 23 25
1 6 11 19 21 25
2 4 5 6 10 18 23
1 4 6 11 13 15 16 18 19 20 24
9 11 13 15 21 22
2 7 11 12 17
10 11 12 21 25
5 9 10 11 13 16 19 22
3 9 12 16 17 19
2 3 5 12 16 18 21 22
4 9 15 19 20 22 23 24
6 7 13 24 25
2 5 22 23 24
3 8 18
16 24
6 10 18 22
2 7 15 18 19 22 24
1 4 8 14 17 18 23 24
1 4 12 13 21 25
7 8 10 14 17 25
1 2 5 12 19 23 25
1 4 8 11 12 14 15 20 23
2 4 9 15 17 18 24 25
7 15 16 17 24 25
4 6 12 15 20
7 10 19 25
2 3 12 14 20
2 5 9 14 16 19
2 4 7 14 18 24
7 10 13 20 21 24
11
8 15 21 24
3 9 14 15 20
1 2 12 15 16 19 20 22
2 7 9 10 12 15 16 18 25
1 2 7 8 9 11 13 19 21 23 24 25
1 2 3 5 11 12 13 16
3 6 12 13 22 23
5 6 10 14 15 17 23
1 3 5 8 15 23 25
2 3 6 7 13
4 8 9 18 19
2 6 7 8 11 23
4 5 8 13 17
5 10 11 14 15 21 22 23
4 5 8 9 14 19 20
3 13 14 17 18 21 24
3 7 10 14 21 23 24 25
7 15 21 23 25
3 7 11 17 18 22 23
8 9 13 16 25
4 8 9 13 16 18 24
3 5 18 21 23
1 3 4 8 16 18 20
1 8 13 18
13 16 18 19
1 12 13 15 16 21 25
3 5 7 11 14 16 17 23 24
4 6 7 22
6 7 8 13 17 19 20
5 18 23
1 3 4 7 18
2 6 9 11 15 17 20
2 3 5 10 12 16 17 20 21 22
1 3 7 10 12 22
15 17 20 22 23
1 12 18 20 25
1 4 6 9 10 13 22
2 11 12 13 22 25
5 8 13 15 18
1 2 10 11 15 18 19
4 24
3 4 6 8 10 19
3 8 13 14 18 21 22 23 24
8 9 11 13 18 20
4 6 10 12 14 16 23 25
6 9 12 24
3 8 9 19 21
6 13 15 16 22 23
9 14 24 25
1 5 6 7 19 23 25
1 4 6 10 23 24
3 4 5 9 17 23
10 11 13 18 19 23
3 4 7 10 12 19 24 25
16 22 23 25
1 2 3 6 8 19 20
3 6 9 10 15 18 21
7 12 14 24
1 2 12 20 23
8 13 14 20 21
4 7 13 22 25
4 9 11 15 22 23 25
1 7 8 15 16 25
9 10 13 14 24
3 4 7 8 9 13 24
3 4 6 9 14 25
6 8 10 14 19
8 12 15 16 18 19
2 4 16 17 24
1 2 3 4 9 12 24
5 6 13 14
1 7 8 10 12 15 22
2 4 6 8 13 17 24
2 8 10 15 20 21 22 23
2 4 6 7 10 11 16
1 7 9 11
8 10 15 21
1 5 11 13 19 21 24
4 6 7 9 10 12 20
2 11 16 17 20 24 25
5 7 12 13 15 23 25
3 10 11 17 21 23 24
2 5 11 18 19 23 25
1 2 10 11 16 19 23
1 8 9 10 18 21
7 8 10 13 18 21 23
4 5 6 9 14 16 17 19 20 21 22
6 7 9 19 20
12 21 22
3 4 13 17 24
1 8 11 14 15 16 18
1 8 13 15 16 19 23 24
3 15 23 25
1 3 11 16 21
8 11 20
4 8 10 15 23
5 7 11 12 15 17 18 19 21 25
6 10 11 12 13 14 18 20 21 23 24
6 7 10 17 18 19 22
11 12 13 23
