4 5 7 14 17 19 22 24
1 6 9 10 12 15 17 20 21 22
3 9 10 14 15 16 17 18 19
2 4 6 7 11 13 15 17 18 20 22 24 25
3 9 10 11 13 14 17 19 25
5 6 8 9 10 11 12 15 20 24
2 3 4 5 6 9 10 14 15 17 19 24
3 4 8 10 16 17 19 22 23
1 2 6 9 10 13 14 17 21 22 24
6 7 8 9 10 12 17 21 22
2 3 8 11 13 14 15 18 20 22 25
1 2 12 13 14 15 16 19 21 22
5 6 12 13 14 15 16 17 19 21 22
1 6 7 8 10 13 16 19 23 25
1 2 6 8 9 10 11 12 13 14 18 20 22 23
1 7 12 13 15
6 7 10 12 13 21 22
1 2 3 4 5 6 7 10 12 18 20 23 24
2 3 5 6 7 9 10 14 16 21 24
1 2 3 6 9 13 17 20 22
6 7 12 13 18 19 21 22 24
5 6 8 14 22
1 2 5 6 7 11 13 15 18 19 20 25
3 5 6 10 11 13 21 22
2 4 8 9 11 12 13 19 20 24
5 8 10 11 12 15 16 23 24
1 5 6 7 9 11 12 17 20 21 25
2 9 12 13 14 16 19 21 22 23 24
2 4 5 6 8 18 19 21 24 25
1 6 9 11 14 15 18 22 23
2 3 4 6 8 16 20 22 23 24
8 14 19 23
1 3 7 15 17 21 24
4 6 14 17 18 20 24
5 7 8 12 18 20 21 25
1 2 3 5 8 9 20 23
2 4 5 6 9 10 13 15 16 17 19 22
6 7 8 9 10 14
1 2 3 4 5 6 8 10 13 15 16 18 19 20 21 22
1 2 4 5 8 9 11 14 23 24
2 12 13 15 19 20 22 24
2 3 9 10 11 14 17 18 22
3 5 6 13 15 18 20 22 23
1 3 8 13 14 16 21 23 24
3 6 10 11 17 18 19 21 25
5 9 10 11 12 16 18 19 22 24
1 2 7 10 13 16 18 24
6 7 8 10 11 14 15 19 23 24 25
1 4 7 10 12 13 20 21 22 23 25
4 5 9 10 12 14 16 17 21 25
2 4 6 8 9 11 13 14 18 20 21
2 5 6 10 11 16 21 22 25
6 8 13 18 19 20 25
1 3 5 7 9 14 16 19 20 23
1 5 10 12 14 15 16 18 24 25
3 6 7 17 22 25
2 4 5 6 8 11 13 19 20
7 8 10 12 17 21 23
2 5 6 7 8 9 14 15 16 20
2 3 4 5 9 12 13 23
6 8 10 11 12 13 19 20 22 23
1 2 7 12 14 15 16 20 21 23 24
3 4 6 8 11 14 15 16 18
3 5 6 7 9 13 17 18 22 23
1 2 3 7 8 9 10 11 23 25
1 8 9 10 13 16 18 19 22 23 24
6 7 9 10 11 12 17 18 24
5 6 9 10 24
2 3 6 7 10 11 12 13 15 16 20
2 3 4 8 9 14 16 17 18 19 22 25
2 6 11 12 16 19 21 22
1 4 13 14 15 22 23 24
8 10 11 19 23 24
3 7 9 16 19 23
2 3 4 7 8 9 11 12 13 14 16 17 25
1 5 7 16 20
2 5 7 8 12 16 21 22 24
1 3 4 5 8 9 11 12 13 15 19 21 24
2 3 6 7 8 14 17 20 21 23 24
3 7 8 11 14 20 23 24
1 5 8 9 10 19 21 22
8 11 21 22 24 25
3 5 7 14 22 25
6 10 17 18 22 23
3 4 6 7 8 16 19 20 24 25
2 3 5 7 8 9 12 20 23 24
1 6 10 12 13 14 15 16 19 20
3 8 14 15 18 20 24 25
3 5 6 8 13 16 17 18 23
8 9 10 14 15 18 19 20
1 6 7 8 9 11 12 15 17 18 19 22 23
3 6 14 16 17 21 23 25
1 2 4 8 9 11 12 18 20 24 25
7 8 9 11 13 15 17 19 20 22
1 3 11 24
5 6 9 10 11 14 16 17 20 25
2 4 5 6 9 10 11 15 17 21 22 23 24
1 2 4 7 13 21 22 24
1 9 10 18 23
1 2 3 4 5 8 12 17 22 24 25
3 6 8 10 14 15 22 24
1 10 11 12 13 14 16 24 25
1 4 8 9 11 12 17 19 20 21
3 6 7 8 15 16
1 3 4 8 9 10 11 14 18 19 22
2 5 11 12 14 17 18 21 22 23 25
2 3 10 12 13 14 15 22 25
7 9 11 19 21 23 25
5 6 10 15 17 18 22 25
5 13 16 17 18 21 24
6 7 11 15
4 5 8 11 15 19 22 23
2 4 7 8 13 16 17 25
1 12 13 14 16 19
1 3 12 13 16 18 19 23 24 25
1 9 10 11 12 13 18 21 22 23 25
1 6 12 13 15 16 18 20 22 25
9 10 12 17 19 20 22
1 3 7 14 16 18 20 21 22 23
3 12 16 17 19 21
1 3 8 12 13 14
1 2 3 11 14 18 21 22
2 3 4 6 7 8 13 17 18 19 23
10 11 14 15 17 18 21
9 14 17 18 19 22 23
3 10 11 12 13 14 15 17 18 21 23 24
2 9 13 14 15 18 19 23 24
1 2 10 11 13 14
13 14 23 25
1 3 11 14 17 20 24
6 10 13 14 15 20 22 23 25
2 4 8 14 17 20 24 25
4 8 9 10 11 12 19 20 22 25
4 5 13 16 18 22 25
1 2 3 10 14 15 16 17 18 20 23 24 25
3 7 12 15 20 21 22 23 24
8 14 19 21 22 23
2 5 7 8 12 13 14 15 16 20 24
1 4 5 12 18 19 20 22 25
6 8
2 3 7 11 14 15 17 21 23
1 12 13 14 22
3 4 10 13 18 24
1 3 4 5 13 15 17 21 22 23 24 25
6 7 13 15 19 20 22
2 5 8 9 11 12 16 18 20 21
3 4 13 14 15 18 19 24 25
2 3 4 7 8 10 14 23 24 25
6 7 8 9 10 14 16 19 22
2 8 10 12 13 14 19 21 22 24
1 3 5 8 9 10 12 14 19 23 25
6 9 11 18 20 23 24 25
2 7 9 11 13 14 18 22 23
2 3 4 5 6 11 12 17 19 21 22
1 2 7 8 10 11 12 19 22
1 2 3 6 8 11 18 22 23
4 6 8 9 14 16 17 20 22
3 4 5 6 8 14 15 16 21 23 25
4 9 11 14 18 19 23 24 25
4 5 8 12 15 17 19 23
1 3 8 9 11 12 16 17 18 24 25
6 7 9 10 13 14 15 16
1 3 7 9 12 13 16 17 21 24
1 3 5 10 13 15 16 19 21 22
3 4 10 11 12 14 18 21 23 25
1 5 6 9 10 11 12 15 20 22 23
2 3 4 12 13 15 16 17 18 19 21
1 2 4 5 6 11 13 16 17 24
4 5 6 10 12 13 14 19 21 23
3 7 9 10 12 13 15 17 22 23 24 25
6 9 11 15 16
4 6 10 11 13 15 18 19
1 3 6 7 13 14 17 19 23
1 2 5 10 13 15 16 20 23 24 25
1 7 8 9 10 13 15 16 17 19 20
1 2 3 4 6 10 11 13 18 20
1 3 7 11 12 15 20 23 25
4 15 16 20 24
3 9 10 15 16 24 25
1 5 7 12 16 17 21 22
4 7 11 14 15 18 20 22
1 2 3 10 22
3 5 10 14 17 18 19 22 24
2 5 7 8 9 13 16 20 23 24 25
8 12 13 17 19 22 23 24 25
4 6 7 11 12 19 22
4 9 14 17 19 22 24
3 9 10 12 13 18 22
3 4 5 6 7 12 14 17 20
1 6 14 15 16 17 18 19
10 11 15 21 23
1 5 7 11 18 19 20
2 3 5 12 17 18 22
1 4 5 6 8 9 11 13 14 16 17 22
1 8 15 16 20 21 25
1 5 8 15 18 24
4 5 7 9 20 23
1 4 6 7 9 12 19 21 23
4 6 7 8 10 18 20 21
2
