2 5 9 19
3 10
4 5 9 14
8 10 25
2 10 11 24
14 25
6 21
7 8 9 11 17 18 24 25
21 23 25
8 19
1 2 3 6 7 18 19 25
4 7 13 17
7 8 13 14 17 21
16 19
7 20 22 25
2 3 16
2 8 13 14 19 24
4 11 13 16 17
3 5 21 23
17 19
3 8 24
9 18
1 2 10
9 19
9 14
12 14
1 8 17 24
5 6 7 13 19 21
1 5 21 23 25
22
1 4 7 12 22
7 13 14 18
7 13
1 7 19 24
11 15 18
3 8 21 23
3 4 5 20 23 24
3 8 9 12 16 24
18
5 8 10 11
3 5 8 19 25
9 10 18
9 15
6 9 14 15 18 24 25
13 16
5 19
8 13 18 19 25
11 13 14 15 20 22 25
15
12 18 19 22
1 7 23
15 20
4 10 15
2 4 7
25
16 17
7 8 10 13 15 18 22
18 24
25
1 2 23
21 24
1 4 8 20 21 24
3 11 13 24
15 16 22 25
1 14 23
5 19 22
4 6 13 24
2 3 13
7 20 21
7 19
3 12 14 17 24
7 8 9 23
2 6 8 10 13 21 22
20 25
10 15 18
4 14 16 18 19
1 3 4 11 13 17
1 5 7 13 17 24
3 18 22 25
1 2 9 20 24
5 15 16
15 16 18 21
3 6 7
2 4 6 8 15 17 19
8 15 18 25
17 21
2
25
3 14 17 23 24 25
3 14 22 24
6 9 10 15 18 24
4 6 12 14 16 17 20 24
2 7 10
7 11 14 22 23
5 10 15 23
2 15 20
6 20 21 24
6 9 18 21
5 6 7 18 21 22 24
23
22
18 19 22
10 15 18
15 23 24 25
2 7 17 20 22
6 12 17
7 8 10 13 20 24
4 23
5 8 13 20 22 25
9 11 20 25
8 19 23 24
2 7 12 14 17 23
1 12 17 21 22
4 14 21
3 5
15 18 20 23 24
2 5 19 21
6 22
7 25
8 9 21
1 6 9 12 13 22
1 2 20
10 16 18 19 20 21 23
6 14 17 24
6 9 16 22
2 5 8 11
12 13 16 18
3 19
21
2 13 24
1 2 4 7 8 23
2 4 14 17
9 20 23
2 3 6 9 17
4 14 23
5 12 17
6 19
2 8 12 13 16 25
2 7 11 12 22 24
14 19 21
11 12 18 23
1 6 19
9 10 19
6 19
10 14
2 22 24
6 9 15 20
8 13 19 21
4 16 18 21
19 20
12 15 18
1 7 23
5 13 19 22
25
2 8 22
8 14
1 9 11
10 11 19
12 24 25
2 4 8
17 21
17 24
10
12 21
1 4 15 16 17 21 25
9 23
12 24
12
5 21 25
6 9 13 16 18 24
23 25
22 23 25
1 3 6 8 17 23
4 6 10 17 21
21
1 4 8 22
4 5 6 13 14 19 24
5 18 19 24 25
13 16 17 24
3 4 10 21
2 3 17
1 13 15 16 23
1 9 13 17 23
6 9 10 25
3 4 5 8 15 18 20
9 16 18 23 24
6 8 15 21
5 11
1 3 7 14 21
1 6 13 21 25
1 4 6 9 10 13
4 8 16 22 23
7 9 11 22
10 12 19
16 18
1 13 21
1 3 6 8 10 13 16 18 21
3 9 13 15 16
2 9 14 22
14 15 19
