4 24
23
6 18
10 14
7 9 10 17 23
4 10 14 21
6 10 23
15 16 17
9 13 15
3 5 17
8 10
8 19 21 23
9 10 19
21
10 15 18 19
1 14
6 13
4 16 17 25
4 5 10 14 21
13 18
3 19 24
1 17 21
9 16 23 25
12 15
18 19 25
8 20 21
4
7
1 5 7
5 21
1 6 23
3 13 22
13 19 21 23
1 16
6 9 22
9 12 14 17 23
3 4 17 22
22
6 10 13 25
12
21 22 23
6 13 25
1 2 21
1 4 18 19
3
4
4
13 25
1 7 9 17 18
1
3 4 7 17 19 20
8 11
4 6 18
23
14
7 19
5
11 12 25
24 25
13 14 18 23
11 16 22 23
8
6 19
6 10 17
10
3 8 14 19 22 23 24
2 8
8 15 21
15 18
14
12 16
7 12
13 17 21 22
5 17 25
12 23
5 16
8 9
15 22
4 5 25
15 24
3 10 18
24
21
1 9 21
8
5 16 19 22
17 19 21 22
9 15
2 5 17 20
5 23
11
1
20 23
9 11 16 18
1
18
7
11 14 20 21
15 23
8
7 19 22
1 6 7 17 25
1 11
16
24
3 11
9 10
5 7 20
6
3 10 19
2 5 9 10 22
1 6 12
13
22
17 22
1 5 13
8 14
25
7
3 6
7 11
17
20
10 11 25
21
2 6 9
18
10 19
10 13 14
6 17
14
4 17
15 19
5 10 17
22
19
14
15 18 20 21
1 10 15 16
4 5 7 19 20 25
15
22
3 12 14 16
2 6
10 20 22
13 18
4 8
18
5
1 2 7
1 3 6 19
14
4
3 9
2 20
16 17 18 23
4 6 12 13 15
1 2
4 10 11 25
1
4 12 25
5 12 15
6
6 17
10 20 24
6 8 16 21
10 13 14 16 24
9 14 15 17 20
1 12 16
11
10 11
6 11 18
12
9 22 24
2
7 13
4 10 16 22
21 23
1 16
5
24
2 3 12 18
14 23
7 24
1 10
13
4 5 11 12
25
3 9 11 17 18
4 10
8 25
21
6 8 22
6
5 8 16
4 8 22 24
21
18
7 23
2 6 22
