2 14 15 19 24
4 5 7 11 12 21 24
2 4 11 22 23 24 25
2 8 12 15 16 17 19 25
7 17
2 15 17 25
4 5 9
23
2 9 10 12 18 20
2 10 13 14 16 18 20
1 4 10 17 23
4 11 24
1 7 17 20
2 7 10 13 14 21
8 15 25
4 5 10 19 21
10 11 25
2 4 8 18
1 5 11 13 15 18 22 23
2 3 16 20 22 25
4 6 11 14 18 19 21 25
9 12 19 22
2 5 9 14 18 21 22 24
7 12 14 15 23 24
3 18 22
3 12 13 16 18 21
11 12 20
1 2 12 15 25
2 8 12 20
2 4 10 21
7 24
17 21
1 10 16 17 18 20 21
2 6 7 8 15 25
2 5 6 21 25
3 7 11 25
2 7 16 24
5 14 19 20 23
10 12 16 20
8 12 20 24
1
2 9 12 17 23
3 13 17
1 2 3 10 11 21
6 12 16 23
4 11 13 21 24 25
2 12 18 24
1 20
6 11 23
10 17 20
1 2 5 10 13 17 18 21 24
3 5 11 12 13 16 18 19 23
6 11 17
3 15 18 24
4 8 9 12 17 23
7 9 13 20 23
7 17 23
5 12 16
2 4 7 10 18 24
2 6 8 9 22
9 10 13 14 21
6 8 10 13 16 18
18 25
5 6 14 18 23
1 2 7 10 18 21 24
2 3 7 14 17 23
16 22 25
1 8 11 13 14
3 8 12 17 23 25
1 2 3 6 11 12 17 21 24
6 8 15 20 22
9 13 21 24 25
5 7 14 16 18 23
3 11 12 17 21
7 12 15 23
7 11 12 20
3 5 10 11 17
2 4 5 8 9 10 13 21 23
2 5 6 8 13 19
4 5 7 11
20 21
3 8 12 13 20
12 15 18 20 23 25
5 9 13 15 17 19 23
7 8 10 14 23
3 7 12 22 25
1 14 16 23
6 7 9 16 17 22
4 5 6 7 12 17 18 19
1 2 3 7 17 19 20 22 24
1 6 13 15 17 23
4 5 9 11 13 14 24
12 16
5 8 11 25
11 18 19 23
6 13 16 24 25
22
1 8 10 11 14 21 22
8 12 17 24
1 2 8 18
6 9 20 21
7 12 15 19 21
1 3 4 11 12 25
16 23 25
4 5 6 16 25
1 3 7 12 22
22
2 6 7 8 16 21
2 3 10 14 15 17
3 5 10 12 13
5 8 13 18
2 3 11 13 21 23
1 6 17 18 19
7 10 15
3 8 10 16 21 22
14 21
6 7 12 20 21 25
10 14 21 24
1 2 3 9 14 15
10 14 18 19 21 22 23 25
24
8 17 19
9 17 19 20 22 25
7 8 16 22 25
4 5 6 10 12 25
8 9 11 13
10 11 19 20 21 22 25
15
4 5 19 24
12 15 23
1 10 12 15
10 22 24
15 21 24
2 13 16 20 23 25
6 8 11 12 14 16 19
2 14 20
5 14 17 19 20
2 3 9 17 22
1 3 15 18 22
11 18 20 25
1 2 3 4 7 10
1 6 9 11
1 5 6 11 17 18
7 8 10 15 17 20 25
3 8 11 16 19
3 4 11 14 16
1 3 6 7 8 14 18 23 25
4 9 11 18 22 24 25
5 13 20 21
1 6 9 14 15 16 24
1 2 16 19 24
5 9 10 13 18
4 8 15 19
9 10 11 16 22 25
2 3 4 15 19 20 23
10 11 13 15 16 20 22
4 12 24 25
1 12 13 18 23
2 6 11 19
6 7 9 11 13 19 22
2 3 6 16 18 20 21 23 24
5 19 21
1 2 3 5 13 25
4 7 9 14 18 22
3 4 9 11 16 19
3 6 8 20 25
6 7 10 14 15 21 22 24
3 5 7 12 16 18
2 3 11
5 8 10 15 20
10 12
14 16 17 19 22 23
16 18 24
18 21 25
3 8 10 23
5 8 11 16
11 13 14 15 17 20 24
3 4 19 22
3 6 8 11 15 17 20 24 25
3 6 9 12 16 17
3 16 17 21
3 17 21 23
6 11
2 3 4 12 25
2 3 6 8 15 16 21 22
7 13 15 17 18 25
2 14 19 22 25
8
1 6 12 13 14 22 23 25
2 11 14 18 20 22 24
8 16 17 21 23 24
1 3 7 25
2 8 15 22 25
6 9 14 16 19 25
1 2
13 14 16 22
3 5 8 10 14 16 20 21
1 14 16 22 23
3 6 14 17
1 6 7 9 12 13 25
