7 23
4 11 12 14
1
10 20
1 2 11
19 24
1 9
8 13
22
9 12
6 10
10 14 23
10 20
22
6
21
12
17 18
24
11 14 24
1
15
20
9 11
1 13 23 25
8
16
7 20
4 13
6
4 10 14 25
5 7 12 14
11
8 20
10 12
16
7
20
4 17 20 24
10 13 20
17 25
10 23
25
5
13 25
1 5
5
10
4 6 11
4 11
20
7 25
10
3
11
1
14 17
1
9 18
4
21
4
1 7
13
2 15
8 10 11
2 18
15
10
7
3 7 11 19
10
4 24
1 23
6 19
23
2 5 13 16
4 6
5
25
23
11 15
7 21
13 18 21
12
3 18
18 19
14 19
22
16
11 21
10
13 21
3 24
6 12
25
8
16
11 25
12
11
11
8 19
22 25
9
3 8 10
2 19 22
1 12 19
24
9 17 20 23
3 19
11
2 4
15
7 20
8
4 9
7 11 25
3 18
4
6
11
4 6 17 20
16 18
6 21
10
9 20
5
19
5
11
13 17 24
12
18
5 16 17 24
8 9 13 24 25
24
15
11 16
1 14
6 20
10 20
20 25
3 14 15
20
25
15
9
11
14 15
3 15
18
6
15
10 13 25
4 6 14
2
14 19
6 24
18
6 18 20
12 14 21
19
4 17
2 18
4 19
18
3 12 17 25
6 9
6 23
2 5
11
11
2 9 11 13 16
4
1 6
21 22
2 3
9
3
18 19
12 14
17
5 11
23
5 6 13
2 8 19 21
3 17
23
16
2 3
8
14
5 20
2
16
11 15
6 16
4
8 13
