1 6 11 13 20 21 23 25
5 9 11 15 16 17 22 23 25
3 4 5 8 11 14 16 20 24 25
3 12 16 18 20 23 25
2 4 7 9 10 12 15 16 17 18 19 20 24
2 4 5 10 12 18 19 21
11 14 15 16 20
3 10 13 16 23
4 5 12 13 18 19 20 22 24
2 3 10 12 14 21
1 2 3 4 5 8 9 14 17 18 19 24
1 2 4 11 15 20 22
4 6 9 11 12 13 15 21
4 11 14 18 19
1 3 5 12 14 15 17 20 21 22 25
5 12 22 24
1 3 8 15 16 19 22
3 6 8 10 12 19 23 24
3 7 12 14 17 21
1 7 15 17 18 21 24 25
1 5 18 21 24
6 9 11 12 14 15 18 19
6 8 9 11 15 19 21 24
7 9
2 4 7 9 15 17 21 23
2 3 6 8 16 17 22 23 25
1 3 5 9 14 19
5 17 18 20 23 24 25
1 3 5 11 13 15 17 19 20 22
2 4 7 9 11 12 13 15 23
1 2 6 7 10 13 21 22 23 25
1 3 7 12 18 19 21
4 8 12 15 19 22
6 14 15 18 23
2 3 6 11 12 13 15 23
2 7 12 13 16 22 23 25
1 4 10 12 13 19 20 23 24 25
9 14
14 15 21 23
3 4 7 10 13 17 19 21 23 24
2 8 10 15 16 17 20 22
7 13 14 15 17 18 25
1 3 5 8 11 15 16 17 18 23 24
4 13 15 17 19 21
3 4 8 11 14 18 20 24 25
1 11 23
3 4 5 11 13 14 21 25
2 3 15 18
4 10 11 15 16 19 20 22
1 10 11 12 18
2 8 11 13 15 18 22 24
6 7 13 14 15 16 21
6 8 11 13 14 19 20
1 3 4 5 8 9 12 13 14 15 18 20 23 25
1 5 8 10 15 18 20 21 22 24 25
2 3 6 7 9 12 14 17 20 21
6 12 13 15 18 20 25
3 4 5 7 8 13 16 18 22 24
2 4 9 11 16 21 22 24
6 13 15 16 18
6 10 11 16 17 18 25
3 5 6 7 15 20 25
1 12 16 24 25
2 4 7 10 20 23 24
1 7 9 10 11 12 14 15 20 21 23 24 25
7 9 14 17 22
6 9 10 11 13 14 22
6 8 9 10 11 12 15 23
2 9 12 14 15 17 22 23
3 4 9 12 15 16 20 23
2 5 14 15 17
1 6 7 14 16 19 20 21
2 3 5 9 15 19 20 23
17 19 23 25
1 9 12 13 16 21
5 6 7 8 15 17 18 22
1 3 11 14 15 16 20 22 23
1 2 3 12 17 18 19 21 22 24
2 4 6 8 10 12 13 15 20 23 24 25
4 6 10 16 17 23 24
1 2 3 5 9 10 14 16 18 21 25
3 6 24 25
1 4 6 8 15 24
2 5 6 16 19 24
1 9 11 14 21
3 8 9 12 13 14 18 20
13 14 20 22 24
3 5 10 12 14 21 23
5 6 12 14 20
5 9 12 20 22 25
8 13 15 19 21 22 24
4 6 8 11 16
6 7 9 10 15 19 20 21 23 25
1 3 9 10 11 14 18 22 23 24
3 12 16 19 23
1 2 3 6 18 22 25
5 6 8 9 12 13 19 23 24
4 6 7 13 20 21
1 13 14 15 19 21 24
5 25
3 6 7 12 14 23 25
1 15 16 18 20 23
4 6 7 12 13 15
1 2 4 6 7 17 20
3 4 6 7 15 16 17 19
4 8 11 12 21
8 10 13 18 19 20 21 25
4 5 6 12 15 16 18 19 20 21 22 24 25
4 10 19 20 22
3 19 25
3 7 8 17 18 20 22
14 16 18 20 23 25
1 3 4 5 6 7 11 12
1 3 5 9 14 15 22 24
1 4 10 17 18 23
6 11 14 19 20
3 7 8 10 11 16 18 21 23 25
3 7 18 20
1 2 3 5 10 16
1 2 5 8 9 10 11 13 15 16 17 18 21 25
2 7 8 10 11 14 23
1 5 8 18 19 21 23 25
2 12 13 16 18 20 22 24
1 3 8 9 10 15 24
3 4 5 9 10 11 12 14 22
1 2 4 13 25
2 6 10 21 22
1 2 4 7 9 21 24
7 11 16 18 19 23
1 2 8 11 13 14 15 17 19 22 25
1 2 4 6 12 20 21 25
1 2 9 16 20 23
1 3 4 16 25
1 6 8 10 11 12 13 14 17 23
4 5 7 11 12 14 15 18 21 22 25
1 10 11 13 14 17 21
1 5 12 18 19 20 24 25
3 9 11 12 13 18 24
1 2 3 4 8 12 13 15 17 22 25
1 3 4 5 7 8 12 17 23
1 10 11 21 25
2 3 10 13 14 15 18
4 5 9 20 21 23
3 7 9 12 16 18 19 20 21 23
1 6 9 11 13 18 21
3 5 10 13 14 16 19 21
3 5 11 12 13 15 19 22 23 24 25
2 3 6 13 22
3 4 6 9 10 13 17 18 19 20
1 4 14 18 19 20 25
1 3 10 11 12 14 16 19 23 24
3 10 11 13 14 16 20 23 24
3 4 5 9 10 15 17 19 25
5 6 9 11 13 15 18 22
1 3 6 8 10 11 13 14 15 18 19 20
1 2 10 11 13 20 21
1 3 5 7 14 15 17 19
1 4 6 7 8 9 12 14 16 17 24 25
12 13 17 20 21 22
1 3 5 11 15 19 22
11 18 23
1 4 14 17 21 24
7 9 11 13 14 17 19
5 6 10 14 16 23 24 25
4 5 22 25
6 7 11 12 19 23 24
1 2 15 21 23 24
3 6 9 10 19 22
3 7 9 11 14 20
7 10 17 23 24
3 4 10 11 12 14 15 16 17 19 21 22 23 24
7 8 15 19 24
2 5 8 9 12 16 17 18 21 23 25
3 4 15 18 20
3 6 7 13 21 25
2 9 10 11 19 21 24 25
6 9 14 16 18 19
1 2 3 5 7 8 9 15 16 19 22 24 25
5 8 11 16 22 23 24
2 4 8 9 13 14 15 18 20 23
4 9 10 16 17 19 21 23
6 11 16 18 22 24 25
5 8 10
2 5 18 23
1 7 9 10 13 15 17 20 23 25
4 11 15 17 24
1 3 4 5 11 13 18 19 21 22
2 5 6 7 8 11 13 15 25
12 14 16 20
1 6 16 22
5 7 8 20 21
2 5 10 11 18 25
3 8 9 10 14 16 20 23 25
1 10 12 16
5 9 13 15 20 22
5 7 8 20 22
1 3 5 6 9 12 14 15 16 17 22 24
4 11 15 20 21 25
6 8 9 11 16
3 5 9 16 24
