1 5 8 16 17
2 15
7 13
3 17 18
16
5 7 9 11 16 18 22 24 25
7 16 19
7 19 20
5 11 16 21
6 7 10 17
8 9 17 24
1 2 3 4 8 11 12 19 22 23
2 12 25
3 18 19
11 18 22
3
3 9 12 16
6
10 15 21
1 10 13
4 8 16 19
15 16
4 14 21 24
10
1 4 5 19
8 10 11 23
8 13 19 23
4 12 22 24
9 12 22
15
2 18
7 10 15 18
8 18 24
13 17 20
10 12 13 17 24
3 4 6 7 20
4 5 6 9 19
4 11
5 12 13 15 16 22 23
7 8 14
5 7 11 23 24
7 10 16 23
1
5 9 10
1 13 18
5
8 11 13 20 22
2 4 24
5 6
2 5 8 15
3 6 13 16 25
2 3 5 12 13 18
1 20 21
2 14 16 21 23
1 8 10 14 17
6 14 23
5 12 15 25
10 19 22 24
4 10 17
1 2 5 6
21 25
13 19
1 3 11 15 18 19
9 14 25
7 15
2 3 11 12 14
8 9 10 16
11 15 22
2 4 10 20 25
2 12 15 18 25
21 25
7 11 15
13 14 21 24 25
18 19 21
3 8 13 17 18
3 7 9 15 17
2 12 20 23 24
1 9 15 17
5 6 16 23
7 9 12 13
9 23
11 22
10 13 19
2 8 10 13 15 17
8 12 23 25
5 10 17 18 21 23
3 4 13 20 25
7 12 15 23
1 10 12 18 20 21 23
2 6 8 16 19 24
2 5 9 11 22 25
4 13 14 20
9 12
1 2 3 8 13 14 18 20 25
5 7 8 11 16
9
3 4 18
8 10 13
8 9 10 15 17 23 25
2 3 13 15 18 22
6 8 14 19 24
11 14 25
25
3 4 13 19 20 24
6 9 14 15 21
14
8 9 21
2 3 12 18 23
6
11 17
6 13
2 6 7 15 24
10 16 17 20 22 24 25
1 12 14 16 17 18
3 4 7
11 18 19 21 23
2 11 15 20
12 13 15 16
5 11 15 20 21 23 25
14 18 19 20
2 13 17 22
3 6 11 18 24
7 8 21 25
9 12 18 20 25
7 10
8 17 18 21
3 8 10 13 14 16 23
6 13 14 20 23
22 25
10
19
2 7 23
4 5 22 24
9 16 19
11 14 16 19
6 14 24
4 22 23
4 6 8 16
1 2 4 6 13 17 21 25
18 19 22
6 8 17
2 9 10 12 13 15 17 23 24
2 4 5 10 12
2 11 14 18
1 8 11 12 22
3 10 11 19 21
2 3 8 12 20
10 11 14 16 20
1 5 24
5 9
3 9 11 14 20 22 24
3 9 20
2 5 21 22
18 22
1 22
9 17 25
4 8 10 25
2 17
15 22
10 17 19
3 5 8 18
1 4 5 6 14 20
2 7 11 21 22 24
5 21 24 25
4 8
1 11 16 17 22
2 6 10 16
4 5 13 20 23 24
4 6 7 10 15 21 23
15 16
5 6
5 8
5 20 24
2 8 10 18 19 22
2 5 8 10
4 17 20 23 25
6
1 12 15 17 20 21
1 10 11 16
2 21
3 4 20 22
6 14 20
14 16 18 21 22
3 9 14 15
8 17 20
1 2 19 24
1 15 17 21
15 22 24
5 7 8 11 16 19 23
2 8 9 12 21
1 10
3 5 24
11 13
21
10 14 17 20
11 24
7 10 12 13 20 24
9 11 12
1 7 11 12 17
3 7 17 22
