5
10 24
25
16
8
18
16
21
1
17 25
23
22 25
10
1 4 8
10
4
21
5 16
11 12 15 24
18
9 21 25
12 25
13
22
7 25
9
22
8 22
12
23
19 20
11 20 22
24
8
18
15
14 15 19
20
12
3 4
5 10
4
4 5 14
3
5 15
16
12
5
1 15
18 23
11
2 13
25
5
1 19
1 2 8 21
8 20
13 24
9
21
7 13
10
21
6
12
3 24
3 20
18
3
23
12
20 22
3 4 16
4 8
3 8 9 15 18 21 25
14
12
25
19 21
11
4 21
20 21
2 13
1
14
9 20
7 13
5 12
1 4 21 22
7 11
8 13 19
12 18
12 18
15 19
2
10
3 7
12 17
8 17
2 6 9 20
22
6
7
8 16
2 3
20
11
1 7 19
7
15
10
4 5 11 25
5 15
8 10 15
3
11 16 18 21
1
22
23
1 22 24
19
24
18 24
7 15 24
8 9 23
22
19
16
12
7
8
22 23
22
8
16
18 19
13
3 9 11
3
14 21
15
9
4 23
4 6
7 12
17
17
11 17
2 21
9
5
3
2 12
11
11 18
18 19
19
2 18
20
12
20
13 21
1
4
20 22
8
11
2 19
17 18
11 17
15 23
1 3 15
5
6 7
15
11 21
1 25
25
18
23
4 15 24
22
7
14
3
13
6 11 15 16 25
2
5 17 23
8
2 6
2 20
1 8 18 21
5 9 10 17
8
4 9 16
3 9
16
10 15 17 24
4 8
