2 3 5 8 10 12 13 17 23
11 12 15 20 21
5 7 9 10 11 14 15 23 24
2 3 4 6 7 9 10 12 14 18 24 25
1 3 8 9 10 16 17 23
11 12 20 21 25
4 6 8 10 11 17 19 21
5 6 13 14 18 25
2 3 18 19 21 23
3 5 14 16 20
6 11 13 19 21 22 23
1 3 5 9 11 17 19 20 21
3 16 20 21 22 23
2 7 22
4 10 12 15 16 20 23 24
2 3 5 15 18 21 23
2 9 14 16 17 25
2 7 9 10 12 13 18 19 21 25
2 6 10 13 15 16 25
2 3 15 16 17 19 24
2 4 22
2 3 9 11 13 16 17 18 21
3 6 14 15 20
2 12 14 16 22 25
13 17 18 19 20 21 22 24
1 3 7 10 12 13 14 22
2 4 11 13 17 18 20 24
5 9 10 12 13 16 17 21 22 25
3 5 7
3 7 8 11 23
7 8 17 19 20 23
1 3 11 23 24
1 3 12 15 17 18 22 23
2 4 13 15 21 22
1 6 9 10 12 21 24 25
2 3 13 14 15 17
3 4 10 16 17 22 23 25
1 2 4 5 10 19
5 7 15 19 23
7 8
2 6 10 11 19 21
5 11
4 5 8 11 18 21 24
3 4 10 14 15 18
1 9 12 13 19 25
11 12 18 20 21
7 11 18 19 21 22
1 2 8 9 13 16 17 21 22
8 10 12 13 15 24
8 9 16 19 21 22
1 8 11 19 20 25
2 4 7 20 23
3 4 8 11 24
2 4 10 20
9 15 22 23 25
2 4 6 8 10 11 14 16 25
1 2 17 22 25
3 13 19 22
2 7 13 21 25
2 5 9 13 14 18 20 21
8 13 20 21 24 25
5 6 7 12 18 21 24
3 10 11 17 19
1 3 7 8 17 18 21 25
3 8 9 12 14 18 19 21 22
1 5 7 9 10 13 18 23
1 15 16 19 22 23
5 7 9 10 12 16 20 21 22
8 9 17 20 22
1 3 5 11 20
1 3 5 6 7 9 13 15 18 21
2 3 6 11 14 17 23 25
1 3 5 12 15 16 18 19 24
2 5 6 8 17 18 20 22 24 25
1 8 13 25
7 9 16 21 22
3 4 10 13 23 24
2 5 8 18
9 11 13 16 18 19
1 3 5 6 13 23 24
2 5 6 7 8 16 19 21 23
1 13 17 18
3 5 7 10 14 20
4 9 15 17 20 21 24
1 6 10 14 18 20 22
2 9 24
4 6 9 14 18 20
2 3 5 6 7 18 19 21
1 5 9 11 13 14 22 23 24 25
4 5 7 16
1 5 7 23
7 9 15 17 18 21
1 3 5 7 8 11 14 22 25
5 6 15 19 23
8 13 14 24
1 2 9 11 14 17 20 25
18 25
3 5 9 10 14 19 23
1 11 14 16 21
1 4 7 8 11 15 22
3 4 8 9 16 17 20 24
3 15 20 21
2 16 18 20 21 23
1 4 9 11 13 16 19 22
2 3 4 15 16 19 20 24
4 7 9 10 16 19 22
2 5 9 10 17 19
2 4 7 10 15 17 19
2 6 11 17 18 21 22 25
3 9 11 12 20 21
1 4 10 11 15 18 22 23
3 8 12 23 25
5 7 10 11 15 17 19
4 5 17
2 6 7 10 11 17 24 25
3 4 22
10
3 6 7 8 9 15 18 21 23 24
1 3 6 12 16 21 23
5 9 11 20 22 23
6 8 13 14 23
7 8 17 21 23
3 8 9 11 21 22 25
9 12 17 21
2 3 5 10 12 15 17 19 20 23
7 9 17 20 25
1 3 4 5 10 15 17 24 25
4 9 10 20
4 5 11
5 9 12 20 23
9 14 21
1 3 10 15 19 22 24
4 5 7 8 9 12 13
6 7 17 24 25
5 6
13 17 22 24
3 10 14 15 18 22 24 25
1 5 6 7 8 12 16 18 22 25
1 11 14 25
4 6 7 9 10 13 16 21 23
5 7 11 17 18 21 23 24
3 7 9 12 17 19 20 25
10 11 14 16 18 20 22 24
1 13 21 22
2 6 9 15 16 22 23
10 19 20
11 12 15 19
1 4 15 17 20 24
1 6 12 13 19
2 5 14 19
2 6 22 24
5 7 9 10 12 13 19 25
1 3 6 7 12 18 21
8 11 12 18 19 20 21 24
5 8 10 14 16 17 18
5 9 14 18 21 25
2 7 9 12 13 14
3 6 7 9 15 19 24 25
7 8 9 12 14 18 19 23 24
1 3 10 15 18
4 7 8 19 20 22 23
12 14 15 19 23 24
4 5 6 7 12 14 19
1 15 22 23
1 2 9 12 20 21 24
12 16 18 21
2 3 7 10 15 16 23
14 16 18 20 23 24 25
3 8 13 15 21 24
3 6 9 12 17 18 22 23
6 8 10 12 17 19
2 5 9 12 16 17 18 23
5 6 9 10 12 13 16 20 24
3 6 8 11 12 14 15 18 20 25
6 8 12 15 18 24
3 5 11 17 18 20 22
3 6 8 12 14 16 17
1 3 10 16 20
4 5 6 7 17 23 24
6 7 8 12 13 17 21 23
3 4 16 22
4 7 8 12 15 17 21
5 6 11 16 22 25
8 11 17
6 10 13 16 20 23 25
7 8 11 12 15 17 22
2 4 12 14 15 21
10 12 15 16 22 25
4 8 12 21 23
10 15 17 20
1 4 8 9 12 14 16 20
8 12 13 23
9 11 17 19 24 25
2 4 6 16 17 18
6 8 12 15
1 3 4 5 11 12 14 15 16 22
1 25
1 7 10 14 16 19 20 21 24 25
3 6 9 10 12 21
3 4 7 12 13 16 20
