6
4 23
3 6 10 15 16 21
4 11 12 17 18 25
25
25
12 25
6 13 14 15
13
5 8 11 15 18
2 11 12 19
15 20 21
5 6 11 25
5 15 18
4 6 10 14 21
6 20 23
5 6 10 14 15 18 19
8 9 13 16 22
1 4 13 25
5 6 16
1 16 18 24
11 24
3
3 18 21
8 12 18
7 11
1 6 22
6 7 10 11
7 15
9 20 23
22 24
4 6
2 12
8 18 21
10 15
14
10 11 17
2 3 5 23 25
8
3 14
7 9 17
8 12
4 8 9 15 16 25
5 11 24
7 14 17 21
8 24
4 6 14 18
25
6
7 10 20 21 23 24
21
6 8 16
12 22
15 24
22
2 17 22
3 7 13 17 20 22
5 16
7 11 14 21
2 4 7 8 9 21
2 5 7 14 21
3 17
4 8 12 20 23
1 6 8 21
6 9 13 21 23
12
8 18
7 17
10
10 11
4 6 14
13
13 14 18 24
2 14
1 11 18
6 8 18 19 20 22
5 7 8 10
2
1 22 23
1 6 9 12
16 18
8 17
5 8 14 24
21 25
19
5 12
7 9 12 16 17 23
13 14 19
8
3
9 12 13 22
3 4
11 12
8 16 17 25
1 7 10 13
23
3 24
5
13 16 17 19
8 14
8 14 25
14 23
2 6 15
15 18 20
18 19 22
15 19 22 25
3 8 11 19
4 13 19 24
7 12 13
8 14 21
1 10 21
3 16
8 15 18 19 21
4
24
6 12 18 22
4 9 11 23
22
8 16 20
7 14
1 3 13 24
3 17
8 12 25
8 9 15 23
1 14 16
23
22
4 15 24
2 18 21
14
13
8 18
2 15 16 19 22
3 7
1 2 16 24
7
2 15 18
11 13 22
16 24
17
5 8 13 16
3 18
3 9 12 17 23
6 11 21
7 8 10
2 8 19 21 22
22
9 10
7 12 15
25
2 5 15 21 24
15
24
5 16 19
14 16 18
2 3
8 16 23 24
4 7
22
11 13 23
4 7
4 12
6 25
25
19
5 23
15
8 9 25
12 18
10 11 18 23
22 24
13 23 25
13 23
3
12
7 11 14 23
11 19
4 12 13 15 22
6 21
9 10 17 24 25
5 9 19 25
14 21
2 7 11 15
14
4 8
9 14 19
1 9 10 11 19
13 23 25
15
8 11
1 8 25
24
22
4 22
2 4 14 16 17 21
8
9 13 19
6 7 14 15 20 23
7 11 15 24
11 20 23
