2 3 12 22
4 8 15 16
1 10 18 19 20
2 3 13
1 3 5 10 11 14 21
1 2 3 5 11 16 19
18 25
4 5 8 12 19 20 21 23
2 14 16 23
1 18 23
1 3 10 13 14 16 22 23
1 2 7 10 12
6 9 10 17 18 21 25
1 2 5 6 9 12 21
3 5 14 16 18 22 23
10 13 17 22 24
3 8 10 11 14 15 17 19 25
6 15 17
8 18 22 25
5 6 8 18 21
14 21 23
1 2 4 5 6 13 15 24 25
1 8 9 17 19
4 8 20 21
7 9
4 7 13 20
2 3 5 6 8 11 22
5 12 20
12 19 21 23 24 25
10 13 14 19 20 25
8 12 19 24
1 4 16
6 11 15 19
7 9 10 11 13 17
3 18 23 24
4 5 11 12 20
2 5 6 7 9 10 16 19 22 24
8 25
2 3 5 21
4 6 15 21
3 7 20
1 9 10 18 21 23 25
1 6 7 8 11 13 18 21
5 9 10 11 16 17 22
4 8 17
3 22
4 18 20 23 25
4 7 12 13
1 2 8 16
6 7 15 19
4 20
4 5 7 12 15 16 18 21
2 13 16 17 24
2 14 15 19 22 23 25
2 10 11 14 25
2 3 8 15 17 23
5 13 14 20
13 14
3 7 11 19 20 22 23
1 2 6 12 15 16 18 19
4 7 10 15
1 3 9 10 13 21 24
3 14 15 21 23
9 11 13 15 19 25
1 2 11 15
14 15 16 20 24
1 6 11 13
4 7 11 12 16 17 18 23
7 21 24
7 9 17 21 23
10 15 19 20 22 23
1 5 7 9 22 24
2 11 14 20 23
1 2 3 4 18 20 21 22
1 13 18 20 24
6 7 9 15 21 22
5 6 14 17 23 24 25
2 4 6 13
1 5 8 15 16 20 22 23
1 5 8 19 21 22 25
3 11 13 14 19 21 22
2 4 11 14 17 20 23
3 5 11 17 19 23
3 4 9 13 17 21
2 5 7 15 16 20 22 24
1 3 6 12 14 17 19 21 25
6
3 9 10 13 19
10 12 21 22 25
1 4 7 24
5 11 13 17 24
2 7 16 21 22 24
2 3 5 10 14 15 22 23
2 17
6 8 20
2 6 21
10 12 13 21
6 14 21
1 14 20
2 5 11 15
2 4 5 7 14 15 22
8 14 20 22 25
1 7 10 18
1 4 17 19
3 15
2 6 12 14 16 22
1 4 6 8 10 12 18 19
17
18
14 15 17 18 21
3 6 8 13 18 21 22
7 10 14 16 20 24
3 4 5 12 18 19 21 25
3 4 18 22
6 15
1 10 19 23
2 4 6 25
8 14 18 19 21 25
8 15 18 24
6 8
2 6 16 21
8 11 15 19 20 22 25
3 10 18 24
5 6 8 9 14 17
9 14 16 20 23
6 13 16
2 11 13 20 21 22 24 25
2 3 4 6 16 17
6 9 10 12 16 21 23
9 13 17 18 19 24
3 7 9 10 17 21 24
19 21 24
4 13 15 16 22 24
9 14 17
3 15 17 23
3 4 8 13 19 21 23
4 6 15 19 21 25
2 3 6 10 12 14 16 20 24 25
4 10 13
2 7
9 12 14 18 19 22 23
3 10 12 13 18 21 23
3 16 19 20
1 4 6 7 10 17 20 23
5 8 11 18 24 25
1 16 23 24
3 4 12 13 19
13 14 15 17 18 19 23
1 5 10 11 14 23 25
6 15
8 10 11 14 19
3 4 8 10 12 16 18 24
2 3 4 10 12 14 15 17
8 11 12 25
1 3 11
1 8 11 12 17
1 5 6 13 15 18 23
7
3 9 17
9 13 17 20 24
6 8 17 20
6 9 11 15 17 18 22
4 10 15 17 18
4 21 23
10 11 12 13 15
4 8 11 23
5 9 11 23 24 25
1 2 6 8 9 10 19 23
4 7 14 15 16 25
4 8 12 16
1 4 14 16
4 6 8 13 14 15
2 9 19
4 11 18
5 25
3 5 16 17 22
2 8 10 12 15 22 23
6 8 9 10 15 19
7 10 11 24 25
3 5 6 9 15 23 24
3 13 18 21
4 7 11 14 18 22 24
7 8 9 16 21 22
3 8 9
1 2 9 20
2 3 19 21
7 15 20 23
5 6 8 11 15 23 24 25
1 5 7 14 16 20 22 25
1 3 12 13 14 25
14 18 19 21
4 6 12 21 22 25
1 2 3 17 20 22
1 2 14 18 20 23
6 23
4 6 9 14 17 18 22
13 18 24
1 5 11 12 13 18 23 25
5 16 17 21 23
1 6 18
