8 9 12 13 15 16 19 22
3 6 8 10 15 19 22 23 24
1 4 7 8 11 18 19 20 22 25
4 5 9 14 17
1 6 7 10 13 17 18 24
3 5 7 11 12 14 15 16 19 20 23 24
1 7 8 9 15 19 21 24
3 4 7 8 9 10 11 14 25
4 7 8 9 11 12 14 16 20 21 23 25
1 3 5 6 8 9 11 12 13 14 18 25
1 3 5 6 7 8 11 13 14 15 16 17 23 25
1 7 14 20 21 25
2 7 8 13 16 17 19 22 23 24 25
4 5 7 10 11 12 20 23
5 11 13 22 25
4 5 6 8 9 11 16 19 20 21 24
1 2 3 4 7 8 11 12 16 17 18 21 22 23 25
1 2 4 6 9 16 20 21
1 2 4 7 9 14 17 20 22
3 7 9 10 12 17 18 22
1 3 9 11 12 16 18 20
2 4 5 7 8 9 10 12 14 15 16 17 18 19 20 22 23 25
1 3 4 5 14 20 23
7 10 11 12 13 18 20 22 25
1 2 4 6 8 12 15 16 17 22 25
4 5 10 11 12 16 20 24
2 4 6 7 9 10 12 13 15 16 17 19 21 22 23
1 2 4 7 10 11 12 13 14 18 21 23
1 2 4 6 9 10 15 17 18 19 20 23 24
3 4 5 10 17 19 23 25
2 5 6 9 11 12 15 16 17 19 21
7 8 10 11 12 13 16 18 20
2 4 6 8 10 15 16 18 20 21 24
1 4 5 11 13 15 21 23
3 5 6 13 20
2 3 7 9 16 18 22 23 25
2 3 9 12 14 18 19 22
1 5 8 9 11 13 14 16 18 19
3 4 5 7 9 12 14 17 18 19 21 23 24
5 6 7 8 14 16 24 25
1 3 4 7 8 9 11 13 14 16 20 21 22 23 24 25
3 13 15 17 19 22 24 25
3 5 6 8 10 11 17 18 20 21 22
1 4 6 8 9 10 12 19 20 22
3 9 10 12 14 15 16 19 25
2 4 5 9 15 16 22 24
2 4 5 7 18 19 21 24
2 3 6 9 10 15 18 20
1 4 5 6 12 13 20 22 24
2 6 8 11 13 14 15 16 17 20 24
2 4 5 6 10 11 12 16 19 20 23 24
2 4 5 7 8 9 12 18 19 24
3 4 5 8 14 17 23 25
3 4 9 13 16 22 24
2 3 4 10 11 17 18 20
1 2 3 7 8 11 12 13 14 24
4 5 6 7 10 20 22 23 25
2 4 7 9 14 18 20 24
3 5 6 7 9 11 12 19 23
1 3 8 9 16 17 18 23 24
2 3 5 6 8 9 10 11 13 14 15 16 17 19 20 23 25
3 7 8 11 13 14 15 16 17 20 22 23 24
4 5 7 9 12 15 18 19 20 22 25
2 3 6 8 10 20 21 24 25
6 8 9 12 18 21 22
6 7 10 11 12 13 16 17 19 20 21 23
1 3 5 7 8 11 14 16 17 19
1 8 11 12 15 20 22 24
1 3 4 10 11 12 14 17 20 21 23
1 5 13 15 17 18 22 23
1 2 10 12 13 14 17 18 19 20 23 25
3 5 6 13 16 17 18 20 23
4 6 7 8 9 11 12 13 15 16 19 20 21 22 23 24
6 8 12 16 17 18 21 23
2 4 6 11 12 15 16 22
5 8 9 11 15 16 17 22 24
5 7 8 13 14 15 18 20 24
3 4 7 8 11 12 17 19 22 25
3 5 7 10 13 14 16 17 18 23
3 6 7 8 9 11 16 19 20 21 23 24 25
1 2 3 5 10 11 12 16 18 19 21 23 24
2 4 14 19 20 23 24
1 2 8 9 10 11 13 17 24
1 4 6 8 11 12 14 16 17 24
1 2 6 10 11 13 14 16 18 21 22 23 25
2 3 8 12 13 14 15 16 17 18 22
1 2 3 4 8 10 12 14 16 19 21 24
5 6 7 8 11 13 16 19 20 22 24
2 3 4 7 13 17 18 21 22 23
1 2 6 8 9 10 14 15 17 18 20 25
1 6 9 11 17 21 22 23 25
2 4 6 7 8 10 11 13 15 18 23 25
2 4 5 7 8 11 14 20 22 23 25
1 3 6 7 10 11 13 14 15 24
1 2 7 8 9 10 13 14 19 24 25
4 6 7 9 15 16 17 19 22 23 24 25
2 6 7 9 10 12 13 15 16 22 23
1 2 5 7 13 16 20 21 22 25
1 2 4 7 9 10 12 13 15 16 17 18 21 22
3 16 19 22
3 4 8 11 12 13 16 17 19 21
1 2 4 6 9 12 13 14 15 16 18 19 22 23
4 6 7 9 13 14 19 20 23 24
2 4 5 9 14 15 16 17 18 19 20 21 22 24
3 4 18 19 20 21
1 2 4 13 14 15 17 21 24
3 5 10 11 12 13 16 17 18 20 21 22
1 2 4 5 12 13 14 16 17 20
3 5 7 8 9 11 13 16 17 18 21 24
3 4 7 8 11 13 20 22 25
2 6 13 15 18 21 23
2 3 5 9 14 16 17 18 24
1 5 6 7 9 10 18 21 25
1 5 9 10 11 13 14 19 21 24
4 9 11 12 17 21 23
1 6 8 12 13 14 15 18 25
2 4 5 9 12 15 17 18 19 21 22 24 25
5 6 8 10 12 14 15 16 18 19 20
3 9 11 13 14 18 21 23
2 7 8 9 11 13 14 15 18 19 20 22 23
1 2 3 4 10 15 16 17 24 25
1 2 5 8 11 15 23 25
1 2 3 5 6 8 9 10 14 15 18 24 25
1 10 12 25
1 4 6 7 9 12 14 15 17 19 21 23 24
9 14 16 21 22 25
1 3 6 7 9 10 13 17 18 25
3 4 6 8 22 23 24 25
3 4 7 9 12 16 20 21
5 6 7 10 14 15 16 17 18 21 22
9 11 12 21
7 9 15 16 20 23
2 5 9 12 15 16 17 18 19 22 23 24 25
3 5 6 9 11 12 13 17 19 21 23 25
1 2 4 5 6 7 8 10 12 15 16 17 18 20 22 23
2 9 12 13 14 15 17 18 22 25
6 8 13 19 20 21 24
1 3 5 6 7 8 9 15 17 20 22 23 24
3 4 5 6 7 9 11 17
2 5 7 10 11 15 16 18 23 25
1 9 10 13 17 18 21 23
1 3 4 5 6 10 16 18 19 20 23 24
1 3 4 8 10 11 12 14 17 18 19 20 21 22 23 25
1 2 6 8 9 10 13 14 15 16 17 18 19 21 22
2 4 6 7 10 11 13 15 16 21 23 24 25
1 3 4 5 7 13 14 15 16 18 23
1 2 4 6 8 9 11 13 14 17 21 22 23 25
4 6 13 14 17 22 25
2 4 6 7 8 12 14 17 18
1 7 11 12 13 14 15 20 21 23 24 25
1 3 6 8 14 16 18 21 22 23 24
2 3 6 7 8 9 14 16 17 22
1 5 6 13 17 19 20 24
1 4 5 10 11 13 14 16 22 23 24
2 4 6 10 17 20 23 25
3 4 5 7 9 10 11 12 13 18 19 20 21 23 24
1 2 3 4 6 7 10 14 15 19 23 24
2 8 9 11 12 13 16 17 18 19 20 23 24
4 8 10 11 14 15 19 23 24
3 7 8 10 12 13 14 16 18 19 24
1 8 9 11 13 16 17 22 24 25
1 4 5 6 7 9 11 12 13 14 19 20 22
1 2 3 5 8 9 10 13 14 18 19 21
2 3 11 13 15 16 21 22 23
1 3 5 7 12 16 22
2 6 7 8 10 11 15 18 19 21
7 9 14 16 17 18 20 21 25
2 3 5 7 11 12
6 7 10 13 14 16 17 21 23 25
1 5 7 8 9 10 11 12 16 17 21 25
4 6 9 10 13 17 18 20 22
7 9 10 14 15 16 19 20 21 23
1 2 3 6 8 9 13 14 17 18 21 22 24
3 6 7 11 13 16 17 18 20 21 25
3 4 5 6 11 15 20 21 22 25
1 3 5 9 10 11 16 17 20 21 22 24
3 4 8 9 10 11 12 14 15 18 20 22 23 25
3 5 7 8 10 12 14 15 17 20
1 2 3 9 13 14 15 16 25
1 3 4 7 8 10 17 20 25
1 2 4 8 9 12 17 18 21 22 24 25
1 3 4 5 6 11 15 22 23 24 25
1 2 4 7 10 11 12 14 18 20 21 23
1 2 3 6 8 10 12 16 17
1 3 5 9 11 13 14 16 18 20 25
1 9 10 12 13 16 17 19 21
1 4 5 7 9 10 17 20 21 22 23
2 3 4 6 11 13 15 19 24 25
2 5 8 11 13 15 17 23 24 25
1 2 4 7 12 17 18 20 21 22
1 3 7 10 11 13 14 15 18 20 21 22 25
3 8 10 14 21 22 24
2 3 4 5 7 8 10 13 14 16 20 25
2 7 8 9 10 12 13 14 16 19 22 24
2 3 5 6 8 9 12 13 15 17 19 20
2 4 5 8 13 16 18 23 24 25
3 4 6 8 12 15 16 23 24 25
2 5 9 11 12 13 16 18 19 22
6 7 10 11 15 17 19 21 23 24
1 2 4 6 7 13 15 17 22
