1 2 6 7 15 18 19 21 23 25
2 5 6 7 9 10 12 19 20 25
1 10 12 19 21 25
1 9 10 12 15 19 20
5 6 9 15 17 21 22
3 7 8 11 15 18 24
6 12 19 22 23
2 3 4 6 7 8 17 19 21 22 23 25
1 3 4 13 18 23 24
1 3 4 7 11 15 17 18 20 21 25
2 5 18 20 22 24 25
3 4 14 17 18 21 23
9 12 15 16 19 20 23 25
2 3 9 10 11 12 15 17 22
11 16 17 18 19 23 25
3 4 12 14 15 16 18 19 20 23
2 8 12 15 16 17 21 22 23
1 7 14 19 20 21 22 23 24
7 11 13 21 24
3 9 13 14 15 17 18 21 23 24
1 10 17 20 25
7 8 10 12 17 18 19
3 5 7 9 11 12 15 18 19 21 23 24
2 3 8 18 20 25
1 10 13 17 18 20 22 24 25
1 2 5 8 11 12 14 20 21 24 25
1 4 5 7 8 9 19 21 22 23
5 15 16 19 21 23 24
1 2 5 9 15 17 18 21 24
2 6 8 10 14 16 22
1 10 14 17 19 20 22 24 25
2 6 7 10 12 13 15
4 6 8 11 15 19 23 24
16 18 19 20 22 23 24 25
2 11 14 17
1 2 3 8 9 11 13 14 17 18 19
1 5 7 12 16 17 20 21 22 23 25
1 2 5 6 10 12 18 21 23 25
2 8 9 12 15 16 18
1 2 3 4 7 8 11 12 14 15 17 23 24
1 3 4 6 8 9 10 11 13 15 16 17 20 23
2 4 5 18 21 22
1 3 6 10 12 13 14 18 20
1 4 10 17 22 23 25
3 17 19
4 5 8 11 12 13 14 15 22 25
3 7 8 9 15 20 23 24
1 4 6 8 9 11 16 20 21 23 24 25
3 4 6 7 8 10 11 12 14 17 19 23 25
1 3 5 6 7 10 13 15 19 20 24 25
1 2 11 13 21 23
6 7 12 14 16 21
2 5 8 9 16 17 18 19 23
7 8 10 13 14 18 21 24
2 6 7 10 11 15 20
1 5 7 8 17 19 22 24
1 8 10 16 24
1 2 5 12 13 15 17 20 21 25
8 12 19 20 23 24
1 3 9 11 18 21 22
2 10 11 16 18 19 20 21
3 4 6 7 8 12 15 21
1 2 5 6 11 15 16 20 21 25
1 4 5 6 8 10 13 14
1 3 6 9 11 18 20 23
4 5 8 9 11 12 14 15 16
2 5 10 11 14 16 19 25
3 7 9 10 14 15 24
1 3 4 8 9 10 12 14 23 24
1 5 6 7 10 12 14 19 20 22 25
1 2 3 21
1 2 6 23 24
1 3 5 10 11 12 15 17 22 24
3 5 9 10 13 14 15 16 19 20 22 24
7 9 11 12 18 24
2 10 11 12 13 14 15 19 20
1 4 5 8 13 18 23
1 2 7 10 11 15 17 19 20
1 5 10 12 15 19 20 24 25
5 6 10 14 24 25
1 4 7 8 13 15 17 19 25
1 3 7 8 9 12 13 20 21 24
3 7 8 11 13 14 17 25
2 7 8 16 17 18
1 6 8 9 12 14 15 18 19 23 24
4 8 13 18 19 22 25
1 3 4 8 9 14 17 18 24
2 10 11 16 20 25
2 3 4 7 8 10 15 19 22 24
2 4 7 8 11 14 16 17 21 25
1 3 6 7 12 13 18 21 23
5 9 12 13 14 15 17 22 23 24 25
1 3 5 6 12 14 15 16 19 22
1 2 11 15 16 17 19 23 24
2 3 4 8 13 15 20 24
2 12 14 21 23 25
5 9 10 11 12 13 15 17 18 19 20
1 5 7 8 13 14 19 25
5 6 7 11 12 13 15 16
3 5 16 20 25
3 4 5 6 7 10 11 12 13 15 17 20 23
1 4 5 7 12 14 17 19 21 22 23 24
1 2 3 4 8 12 18 19 24
4 6 7 13 15 18 19 20 21 22
2 11 12 14 15 17 21 22 23 24 25
2 3 6 7 9 11 12 13 15 18 19 21 24 25
3 4 9 10 11 12 15 19 25
2 3 5 9 10 17 21 25
3 6 13 17 18 19 20 23 24
1 4 7 8 10 11 12 13 14 15 18 20 21 24
2 7 10 11 12 17 20 24
1 2 4 17 21 22 24
1 2 3 7 8 12 13 16 23 24
8 10 11 14 18 22 23 24 25
1 6 8 9 11 18 20 23 24 25
6 8 9 10 13 21 23
2 10 14 15 21 24
2 4 5 6 7 8 9 10 12 14 15 17 18 22 25
4 5 7 12 13 15 16
6 7 8 10 12 15 18 22 24
3 6 7 9 10 11 16 17 19 21 22 24
5 6 9 11 15 18 21
4 6 8 10 16 17 18 22 23 25
4 5 6 8 9 14 16 21 23
11 15 19 22
3 4 5 8 11 12 16 19 24
1 4 7 8 11 13 14 17 18 19 22
1 5 6 11 12 13 16 18 19
1 2 4 5 6 7 9 10 14 16 17 18 19 21
6 9 11 15 18 19 25
3 8 9 10 17 19 22
1 2 6 7 11 13 14 18 19 20 21 24
1 3 5 8 9 11 13 14 15 21 23
3 4 6 7 11 16 18 22
3 5 9 13 21
1 2 4 6 7 9 13 16 19 21 22 23
3 4 10 13 14 18 20 21 23
1 3 4 8 9 10 12 14 15 24
1 3 4 5 6 8 9 11 17 21 22 25
2 3 4 8 10 12 13 14 17 23 24 25
11 13 20 22 23 24 25
3 5 9 12 16 18 23 25
2 7 10 15 18 21 23
6 8 9 10 13 16 17 18 23
1 2 4 5 9 12 14
4 5 8 10 12 13 23 25
2 5 8 10 11 19 21 24
2 8 9 10 18 23 24
2 7 8 10 11 12 13 14 16 18 21 23 24
3 9 20 21
6 19 21 22
3 4 5 6 8 11 17 22 23 24
3 4 7 8 13 14 17 20 25
4 5 6 9 10 16 17 18 24
11 12 16 21 24
1 5 10 11 14 18 21 22 25
1 10 13 14 18 19 24
7 11 14 19 20 21 23 24
5 7 11 15 16 20
4 7 9 12 15 18 19 21 22 23
1 4 8 9 10 11 25
1 5 7 15 18 20
5 6 9 15 19 22
1 3 9 10 13 14 15 16
1 5 7 12 14 16 18 19 24 25
2 5 7 8 9 10 12 18 20 22 25
1 2 6 7 16 21 22 24 25
1 2 4 5 6 9 12 15 17 20 21 22
1 6 10 11 12 15 21 22 24
1 3 5 15 19 20 25
1 2 5 6 7 13 16 20
4 8 9 12 13 14 15 25
1 2 5 8 9 11 15 18
1 3 7 15 16 18 25
1 9 16 19 20 22 25
5 7 10 11 12 15 16 18 19 25
2 3 5 12 15 16 19 23
5 7 8 14 18 24 25
1 3 4 6 7 11 12 15 16 17 19 25
2 6 7 15 16 18 21
1 11 14 15 16 22 25
2 8 11 15 16 18 19
2 3 4 5 6 11 12 15 17 19 21 22 23
2 6 7 8 12 13 14 20 22 24
2 4 5 6 7 8 10 11 12 16 22 25
1 2 7 13 14 18 21 22 25
1 6 9 11 16 21 22
1 2 3 12 14 15 18 20 23
3 4 6 17 18 20 23
2 4 6 7 14 16 23
5 6 13 14 16 17 20 24
4 8 13 14 17 20
3 4 8 10 12 14 15 19 25
2 4 5 6 7 10 13 14 15 17 19 20 22
3 4 5 6 7 9 13 17 20 23
1 5 7 8 11 16 18 19 20 25
1 6 8 9 10 11 13 14 15 17
3 4 7 20 23
1 7 10 11 12 15 18 20 22 23 24
1 2 6 10 11 12 13 14 17 19 21 23
