6 23
2 9 11
2 13
1 11
3 4 5 15 23
3 9 15 23
2 7 12 16 17 18 21 25
4 8 11 19
3 5 10 13 25
6 8 15 18 23 24
4 16 20 21 22 23
1 8 13 14 16 23
3 6 12 13 16 21 23 25
7 14 15 16 20
3 8 11
3 9 10 13 16 17
4 10 16
7 15 19 21
14 19 24
2 4 15 19
3 6 18 21 23
1 3 4 8 12 18 19 25
3 24 25
1 7 11 13 14 23 24
2 4 8 16 19 25
3 10 11 16 22 25
20 22 24
3 11 14 17 18 21
23 24
6 7 11 21
1 4 20 21 22 24
8 13 24
2 3 7 10 12 20 24
1 9 13 18 20 24
2 5 6 12 13 17 19 21
3 9 15 16 19 21
6 10
1 16
11 12 21
12 14
1 5 18 19 25
1 4 14 15 18 25
14 16 25
3 14 16 24 25
2 5 10
2 3 8 11 13 16 18 23 24
4 7 12 15 22
2 5 11 16 19 25
1 3 5 7 9 14 20
2 3 11 21
1 3 5 9
1 4 5 11 14
5 6 11 17 18 20
8 11 12 17 21
1 4 11 15 18 23 24
1 10 21 23 24
2 3 7 15 18 19 20 21
1 6 10 16 19
3 4 10 12 14 16 18 20 21 22 25
2 17 18 23
2 4 9 14 20 21 22 24
1 10 12 13 14 15 18 23
4 7 8 10 13 19 20 22 25
4 9 17 18 25
13 17
4 6 8 10 11 12 13 15 23 24
10 20
6 9 11 14 15 17 21
5 7 8 9 11 18 20 25
7 10 11 13 19
1 15
10 12 13 22 23
2 9 15 22
13 14 16 19 21 24 25
10 11 14 16 18 20
2 11 14 16 17 21
2 11 13 15 23
6 7 11 13 17 20 24
4 10 11 18 19
8 13 20 23
1 4 6
2 23
6 7 13
1 5 7 8 11
1 6 8 9 11 14 18
3 20
2 9 24 25
8 10 20
7 9 17 19 20 22
2 10 12 13 18 21 23
1 2 9 14 22 24
1 5 17 20 23 24
13 17 24
15
14 15 22
3 6 7 8 13
6 17 20 23 24
2 5 14 20
2 8 9 16 18
2 3 6 15 18 19
9 10 13 18 20
6 11 12 13 20 24
12 18 20 21
5 6 8 16 18 24
1 2 7 12 15 16
3 8 10 16 23 24
8 9 11 14 18 19 22
10 14 19 20 25
15
3 16 19
3 4 5 10 12 22 25
2 10 15
8 17
2 25
2 4 7 9
6
2 4 10 17 19 20 22 23
2 13 18
3 6 11 14 17 25
8 9 22 23 25
4 7 14 16 19 20 21 22
7 15 18 19 21
7 13 16 17 21 23
2 6 8 13 15 18 22 24
1 7 19 20 25
2 3 10 15 16 24
6 16 21 24
5 8 17
9 19
3 9 14 21 24
7 9 23
3 7 10 17 19 20
2 12 17 21
5 7 8 14 23
5 7 11 14 15 18 21 22
3 5 11 12 18 23
2 8 12 14 18 22 23
2 5 6 10 13 19 21
4 6 7 19 20 23
2 13 15
3 6 7 8 10 11 17 18 21
10 16 19
1 13 19 20 22 24 25
1 2 6 8 10 12
9 14 21 24 25
1 21
5
2 4 7 8 9 10 20
12 16 23 24
7 15 19
2 3 10 13 18 21 24 25
1 5 18
4 5 9 15 20 21 23
3 5 13 14 15 17
2 5 9 14
1 6 8
1 5 6 7 8 21
1 6 8 9 11 14
7 8 15 16
4 11 13 23
7 9 14
3 7 15 17 24
3 11
2 6 20
4 6 9 10 13
4 6 7 24
5 13 15 17 19 23 24
2
1 7 8 20 22
7 15 19 20 23 24
3 15 17 25
23
2 3 4 7 16 18
14 21 23
1 5 9 15 20 24
2 6 8 10 13 15 24
5 8 16
4
8 9 13 15 17 21
2 4 9 12 17 25
1 22 23
2 22
7 8 10 21 23
9 21 25
1 10 14 18
1 4 13 24
2 5 6 18 23
3 12 24
3 7 9 12 13 20 24 25
2 3 8 11 14 19 23
8 9 15 20 21
2 4 6 14 18 21 23
3 8 11 12 15 19 23 24 25
1 8 20 21
2 5 7 10 11 23
16 17 20 21 22 23
2 5 9 13 14 16 17 19 22 24
1 2 5 23
4 5 11 18 20
2 5 11 14 18 19 20 21 22
