20
19 23 24
11 16
9
6
17
10
11 19
6
18
9
22
24
3 21
3 15
7 9
15
17
6 15
15
22
18 22
23
2
3 18
5
7 19
1 5 10 19
23
6
2 5
7 13
19
11 12 25
3 6 23
11
1
13
4 7
7
17
20
4 13
12
19
22
4
21 25
24 25
3 10
16
13 21
17
9 13
1 17 21
7
23
20
6
11 17
15
15 16 19 24
19 21
8 20
23 24
17 25
19 23
13
12 22
5 19 22
22
13
1 9 25
16
5 8
24
21
7
1 4 7 24
21
6
2
6
6
25
1 15 25
15 24
12
10
19 25
9
16 19
14 20
13
18 19
19
6 14
14
4
18 25
6 24
25
16 20 22
9 12 25
14
25
11
12 20 23
4 7
5
8 16
3 5 23 25
11
8
8 22
12 21
23
8 14 18
3 20
5 14
25
1 13
11 21
1 8
23
20
12
22
7 12
13 14 16
4 9
6 20 21
6 15
5 24
19
5 18
21
2 6 12
1 23
16
11
14
10 21
1 2 13
18
15
9
6
1 6 13
25
13
3 20 25
22
15
1 25
13 17
7 15
1 15
25
8 10 18
18 21
6 19 20
11 25
4 16
6
11
15
17
2 3
2 4
5
11
18 24
1 7 10
5
17
2 12
17 24
12 13
7 16
4
20 21
18
19
11 16
17
13
2
12
4 7 16
1 14 15
24 25
7
4 8 16
10
5 7
6 13 14 15
7 10
6 19 21
25
