2
9 18
3 5 21 22 23 24
1 13
9 22 23
10 19 23
4 11 14 18
1 3 19
12 13 19
9 15
4 10
9 11 14
4 14 16 23 24
2
3 5 6 14
4 14 20
2 12 16
5 14
1 19
7
2 12
4
12 17 23
4
1 10
11 13 17 18
10 17 22
9 11 13 18 23
1
8 11
17 20 21 23
4
1
13 25
2 17 23
6
11
8 24
13
13
8 21
1 14 24
3 4 7 13 15 17 23
2 8 18 25
5 11 16
3 21
13
12 18
10 16
12 22 25
6 15 19 24
6
5 13 19 23
7
6 10 11 16 19
7 8 25
4 6 8
3 18 21 24
3 4 19 22
23
19
21
4 20 23
1 14 19
19
15 24 25
2 4 11 13 19
6 20 23
22
12
4 19
5 9 21
21 24
12 18
3 25
4
2 4 10 11 17
9 12
9
1 7 20
17 20
13 18 19
24
7 8
1 14 16 21 24
4 13 16
12 13 16 21
6 9
4 5 8 11 13
8 10 17
25
1 14
5 18
5 23
3 4
13 20 22 25
11 20
12
1 2 8 15 22
25
6 20
4 23 25
10 24
15 16 22
5 7
5 6 13 18
10 19 25
6 15 20
7
3 12 18
16 17 24
2 6 9 12
16 17 20
6
18 20
2 20 22
1 2 8 24 25
1 16 19
2 9 15 17
4 10 15 22
1 15 19
6 8
2 5 16 24
13
17 20
9 12 18
3 22
17 21
8 11 25
4 13 22 23
1 5 24
1 11 14
1 18
3 7 8
3 12 23 25
2 11 12 19 20
24
3 18
1 10 19
6 7
4
7 15 19 23
18
5
7 23
19
5 8 11
4 6 20
4 11 24
12 15
6 19 22
3 6
2 10 15 16 18 19
10 15
2 4 5 17 23
2 7
6 9 11 12 15 20
11 12
9 15 17
2 16
5 13 20
10 12 23
19 21
3 5 9 15 19
8
12 13 14 25
2 6 13
18 21 24
3 18
1 5
9 25
4 12 23
19 22
4 18 25
5 6 18
14
14 18 23
10 25
3 5
7 22
1 2 6 23
1 2 5 20 23
4
14
19
23
3 8
16
21
4 12 25
4
11 15
19
3 7 14 24
2 10
2 10 22 23
7 12 25
9 16 17 20
14 19
3 5 16
