13 16 17 18 20 21
11 18 20 25
2 10 15 17 21 25
2 24
16 19
3 7 9 12 20 24
1 9 23 24
5 24 25
4 5 8 13 22 24
6 12
4 10 13 16 22
4 7 8 12 14 23
5 8 21
9 12 22
2 4 15 19 22
16 17 18 24 25
12 20 21 23
4 7 12 21 24 25
6 15 20 24
4 18 20 23
15 18 20
3 7 13 15 17 20
1 17 19 23 24
5 7 8 9 17
6 16 17 20
1 14 19 20 22
2 8 17 21
4 7 13 14 23 24 25
3 6 10
4 11 25
4 13 16 21 25
2 6 17 19 25
6 7 11 20 21
1 7 8 22
2 5 12 19
2 10 18 19 25
1 2 3 5
1 2 8 10 17 18 23
4 5 21 24
1 9 13 16 25
4 11 17 18
1 4 8 10 11 18 21 25
1 5 22 23
6 8 9 11 12 24
1 11 20 22
4 5 6 11
22
2 8 9 14 15 16 20 25
1 12 13 19
1 6 7 14 23 24
7 10 16 19
4 5 15 19 25
2 12 19 24
10 12 15
1 3 4 5 10 23
12 15 21 22 24
10 18 25
12 13 24
1 18 23
22
4 7
2 17 18
3
11 19 25
1 3 5 8 11 13
16 17 21 25
13 15
5 21
9 10 11 13 14 19 21 22 25
1 6 9 10 21
2 4 10 18 21
19
18 19
1 11
6 11 12
10 19 20 22 24
3 5 6 7 14
3 6 12 13 17 25
1 8 9 12 17 21
1 12 13 19 22
5 9 25
5 13 21
2 5 14 16
5 8 18 22
11 12 13 19
2 5 14
24
4 5 23
3 8 14 19
9 21 22
15 21
11 21
4 6 9 22 25
12 16 21 23
11 25
19 20
10 11 17
10 17 18 24
22
1 4 18
3 7 8
6 20 22 25
10 13 17 20
11 18 21 25
7 13
7
1 15 16
1 15
2 25
14 17 24
2 5 13 18
6 8 9 25
2 15 16 20
7 16 21 24 25
12
1 4 10 22
11 25
14
1 3 5 15 23 25
7 25
1 3 5 12 19 24
12
8 22
3 15 19 24
9 10 22 25
6 13
11 13 18 19 21
8 9 18 21 25
1 17 24 25
7 14 15 16 17 25
2 10
1 5
7 8 16 25
4 21
2 5 10 12 15 16 21 25
17
7 17 25
7 10 13 16 18 20
1 6 14 17 21
2 11 22 23
4 25
3 7 8 9 20 22 24
9 12 13 20 21 24
1 3 17 22 23 25
14 21 23 24
1 7 14 15 16 18 24
16 17 21
3 17
4 12 20 21
1 9 13 16 17 22
1 5 6 12
2 13 16 21
3 14 16 17 22
11 19 20
9 11 18 20
3 4 5
2 15 20 25
2
9 13
6 15
1 2 20 23
3 7 12 13
14 16 17 21 22 24
1 5 12
2 6 20
10 11 14
2 14 15
5 11 12 23
2 4
13
5 6 8 14 22 24
3 9 17 21
4 8 11
2 16 17 18 22 25
8 10
16 24
5 10 13 18 19 20
20 21 22
15 16 18 21 22
6 24
3 18
3 5 20 21
1 10 14
7
2 10
1 7 8 11 17 25
13 14 18 20
14 19 23
9 10 15 21
2 12
7 9
18 20
2 10 11 21
3 5 6 10 15 17 19 22 25
7
5 7 10
12 13 17
19 20 22
7 8 15 22 23
20
