10 13 15 19
3 7 11 13 24
1 3 15
4 5 11 13 23
2 3 21 22
10 13 21 23
1 2 4 12 14 21
12 13 22
3 6 9 14 15 23 25
8 15 22 23
1 2 5 11 15
7 12 21 22
6 13
5 11 18 21
2 8 10 11 12 15 16 19 24
3 4 16 19
14
3 8 10 19 20
18 20
14 24
2 5 7 8 11 12 19 23
2 12
21
10 22
3 8 15 22
2 15
2 6 9 10 13 23
8 13 22 25
7 17 22
4 16 22 23 24
7 13 14 21 23
3 4 7 9 13 24
2 4 11 21 25
2 4 12 16
11 12 15
11 14 15 20
8 10 21 25
18 20 23
4 23 25
7 23
2 6 7 10 13
13
1 3 10
4 7 11 12 21 22
2 4 8 16 19 22
3 11 18 23
19 22 24
5 23 25
5 18 19 21
9 18 19
13 17
2 5 7 11 22 25
1 5 10 17
4 9 16 25
4 7 8 16
2 4 11 12
8
3 12 16 17 25
7 19 22 24
1 9 23
9 10 14
6 9 11 17 22 24
15 17
2 5 7 10 13 19
2
21 22
8 9 14 16 18 20 21
10 24 25
11 17
10 13 23
8 9 12
8 10 13
8 14 16 25
2 6 14 21 24 25
9 13
7 12 24 25
7 12 16
1 3 8 14 17 25
8 22 25
16
1 18 23 24
1
4 6 24
18
2 6 9 10
2 18
5 6 14 23
18 25
7 15 19 20
8 13 14 20
1 7 16 20
17 19
8 10 20
10 17 18 19 22 24
1 3 4 11 15 18 19
3 9 11 17 18
1 5 7 18 19 24
5 23
7 22
9 11 24
3 21
1 11 14 15 22
3 4 5 24
7 11 14 17
1 4 7 15
19 22 25
19
15 16 20
5 10 18
1 9 16 21 22
1 3 4 13 19 25
9 20 24
6 7 8 9 10 14 21
1 2 12 19 20
6 8 17 23 24
24 25
6 22
4 6 10 12 16 17 20
4 8 11 15 16
1 5 15 17 20
9 11 14
5 9 12 13
4 22
2 15 18 19
1 13 16
5 7 18 22
14 21
5 8 10 11 13
16 21
15 18 21 22
7 14 15 17
25
3 8 16
7 11 12 18 25
3 18 23
4 7 13 24
5 14 19 22
2 10 11 13 15 22
1 13 15 19
3 16 20 22 23
2 8 12 18 23 24
4 7 11 19
2 4 9 10 12 13 14 18 20 22 25
1 7 11 13 14
4 12 24 25
1 21
5 17 18
1 2 20 22
4 9
6 17
11 18 21 22
3 6 20 22 24
12 16 17 18 24
11 12 15 18 20 21 24
11 21 24
2 9 12 13 14 18
3 7 15 25
10 15 22
11 24
7 16 17
1 5 6 8 10 23 25
3 10 12 15 16 22
4 11 12 16 17 20 22 23
5 8
19 20 24
10 13 21 24
1 4 5 14 21 25
12 15 16
18 25
20 23
7 9 12 13 19 20
6 12 13 18 20
8 17
1 2 9 25
3 6 8
2 6 20 21 24
12 14 17
2 8
15 17 19
12 16
7 12 17 18 22 24
7 10 20
1 4
3 5 24
25
10 12
2 3 7 8 21
7 10 13 14
2 8 11 14 21 23
18 20 23 24 25
11
4 9 14 19
4 8 16 23 25
25
6 12
1 10 13 19 24
12
3 5 7 9 16
3 5 9
3 7 13 15 16 20 23
