13
3
14
3 25
16
21
15 21
11
19
23
3 6
3 4 15
7 10 17
8 10 14
16
10 20
13
2
8 13
5 20
11
8
2
3 13 21
4
8
9 14
5
15 17
8 12 24
16
25
12 13
1 4 6 9
1 4 19
12 23
12 16 22
1
16
2 21
9 13 18 25
24
6 13
19
20
2 12 25
14 24
22 25
9
20
5 20
7 24
17
23
2 16
6 22 24
14
23
2 4 7
23
9 12 23
20
4 10
15 25
5 10 14 23
1 6 15
6 8 12
2
8 11 20
4
14 20 22
16 17
5 20
2 17
14
19
6 8 19
6 23
18
25
11 15
12 14
12 18 25
25
16 19
17 18
8 9 19
2 5 14 22
25
14
23 25
19 21
10
5 9
5
4 19 22
3 17
15
4
15
16
22
3
13
11
2 5
6
3
21 23
5 10 21
4 14
15
4
3 4
24
4 12
3
10
1
8 9 16
9 18 21
5
3 7
17
7 23
9 13
20
3
10 12
4 22
2 23
1 24
9 12
3
3 24
4
13
18
16 20
3
4 6 24
2 15
7 11 14
6 13
2 20 23
4
16
4 5 23
1 14 21 23
1 4 14
1 5 21
8
1
16
21 24
23
1
11
7 22
10 21 22
15
15
9
7 8
24
17
11
11 16
12 22
2
17 22
3 15
10 14 24
5
8 19
11 13 17
6 10 11
24
10 15 20 25
18 25
1 10
3 15
4 20
9 13 22
25
3 20
16 20
11
21
7 9 16
11
22
8 12 18
1 15 19 20
14
5 12 14
12 19
13
8
4
