7 10 13 18 25
25
3 7
2 23 25
16
23
5 13
4 11 16
4
4 14
1 8 12 24
13 15 19
1 21
12
19
17 21
2 7 8 10 18 21
6 14
15 19
6 7 16
1 6 25
4
12 22
1 3 19
3 11 20
1 3 10
1 6 7 13 24
2 9 13 23
10 19
5 7 15 20
5 7
2 3 18
20 21 24
7 9 10 14
1 3 9 23
13
10 13 24 25
5 11 18 19
24 25
7 9 12
7 17 25
4 13
7 8 10 12
7 21
9 10 13 15
12 22
2 12 14 24
2 19
2
24 25
7 11 22
10 21
3 22 23
1 3 8 17 23
8 16 20
6 21 22
8 13 18 19
5 10 12 13
2 8 15 24
10 11 15
4 7 19 23
1 3 7 21 23
13
11 24
17
24 25
2 3 16 21
1 14
7 16
14 19 20
10 24 25
16 19 22
14 25
4 15
2 3
9
18
9 10 12
13 22 24
4 5 8 23 25
15 21
10 16
6 15 18
2 11 12 15 17
16 19 24
4
15 25
4 14 19
4 5 17 24
9 14 21
1 4
9 10 15 22
17 18 23 25
2
2 10 14 19 21 23
5 6 9 17
14
11 15 18
6 14 18 20
12
20 22 24
3 7 21
1
13 19
5
5 13
5 6 15
4
3 16 24
1 7 15 19
4 14 18 24
11
12 14
1
5 19 22 24
8 10
15 16 18
9 12 20 22
3 5 11 16 21 25
9 13 25
3 6 13 18 25
12 15
4 7 10 15
6
2 10 13 25
11 19
5 18
6 11
2 4 9 10 11 12 13 23
6 7 15
22
17 20
14 20 21 25
1 9 20
4 9
10
12 18 19
12 15
5 6 16 19 21
8 10 16
11 16
25
21 25
16
9 22
25
15 25
1 13 16
14 24
8 9 14
4 8 15 22 25
12 22
1 5
11
9 21 24
7 12 23 25
5 21
7 22 23
15 17 23
4 12 20 21 22
1 5
4 25
1 11 15
1 7
14
22 24
3 5 6 8 12 20
1 15 17 23
9 16 17
3
8
1 3 12 14 16
7 17
13 14 21 24
1 6 10
7 8
1 6 13 14 20 21
19
6 11
4 14 21 25
7 11 19 20
1 4 21
7 9 10 16
1
18 19
2
2 11
16 20
5
8 13 24 25
20
3 15 24
5 7 12
8 16 19 22
12
16 20
3 5 10 16 17 25
5 15 18 21
21 25
14 18 19
