4 5 6 8 9 17 22 24
3 7 9 13 16 24
2 4 5 14 19 20 22 23 25
2
8 10 12 13 15 16
1 6 11 17 20
6 7 9 12 13 18 21
2 3 19 22
2 3 10 14 16 17 19 21 23 24
5 7 11 17 20
4 12 15 16 17 21 22 23
3 4 18 20 23
4 8 16 19 24 25
1 4 5 9 13 17 25
6 7 8 13
3 11 14 17 21
1 4 5 6 8 15 16 20 22 24 25
1 2 4 8 15 16 18 19
7 8 12
2 4 5 6 7 18 19
3 6 11 14 18 21 22 24
5 6 10 12 14 15 18
6 8 13 19 21
7 13 18 19 24
2 4 17 20 25
2 5 7 12 13 15 18 23
4 14 17
5 7 11 20 22
3 10 14 19 23
1 5 6 7 8 13 20
6 9 10 18 19
1 2 4 10 18 20 22 23
5 9 18 22 23 25
1 5 7 8 14 16 17 22 23
3 10 12 16 18 20 23
1 7 16 17 18 23
4 12 14 15 16
6 16 17 21 25
5 10 11 14 23 24 25
7 15 18 19 25
4 6 9 14 18 22
1 6 10 12 14 18 19 20 25
8 12 15 25
23 25
1 3 9 10 11 12
1 2 5 14 15 20
5 6 8 14 19 20
6 7 14 21 22
3 5 20 24
1 3 9 10 14 15 16
2 7 10 13 14 15 19
4 6 9 14 20 22 23 25
1 5 13 14 19 23 24
4 9 12 15 20 24 25
8 12 18 19 25
1 6 7 12 18 21 24
2 6 9 11 23
5 9 15 18 19 23 24
1 19
5 12 13 16 18
5 7 10 11 14 16 18 19 21 23 24
1 4 10 12 13 15 25
2 8 11 16 20 25
5 7 13 14 19 23
3 4 9 10 11 12 13 18 20 21 22 23
1 2 3 6 14 19 20 23 24
2 6 17 20 22 24
3 10 11 12 19 21 24
3 5 7 11 13 17 20 22
1 14 16
1 2 6 9 11 12 14 16 25
7 8 9 11 15 17 21
5 10 13 15 22 24
1 10 13 14 19 20 21 23 24
13 14 20 22
4 8 9 15 20
1 2 5 8 9 10 12 14 17 18 21 23
2 8 9 10 11 17 18 19 20 25
4 11 13 17 19 23
4 8 9 10 15 16 18
1 2 3 7 17 20
1 5 6 10 14 17 22 23 25
2 4 5 9 11 16 18 22 23
3 5 12 19 24
6 13 14 16 21 25
2 14 15 16 18
1 2 4 15 16 19 20
1 12 20 22
2 4 5 7 10 11 15 16 21 22 24
1 2 3 5 10 23
3 6 10 13 15 16 17
2 3 7 11 15 18 19
1 3 5 10 11 18 25
5 10 14 15 16
3 4 5 12 19
1 3 9 11 16 18 20 21
4 5 17 20
10 12 14 16 17 21 22 25
7 10 11 12 13 15 21 24
7 11 12 16 18 19 21
2 7 10 12 13 17 22
6 17 18 20
1 2 15 16 25
6 14 15 18 19 21
2 6 10 23
1 4 5 7 13 17 18 23 25
2 3 10 14 15 25
1 9 14 21 22 24
7 8 13 15
16 19 21
2 3 5 6 8 9 13 14 15 16 18 24
2 5 8 16 19 20 21 22
7 8 9 12 15 18 19 21 24 25
5 9 12 13 20 22 23
5 7 8 10 18 24
3 9 12 15 22
1 4 12 15 20 22 25
1 5 9 10 13 20 22
11 14 15 16 19
1 2 5 11 13 14
7 8 15
4 6 8 15 18 19 20
1 2 4 5 7 10 12 15 21 24
4 6 17 18 19
6 9 19 25
7 8 17 19
6 13 17 20
13 14 16 18 19
2 3 4 11 17 19 22 24
3 4 7 9 18 22 23
7 14 15 17 20 22
3 4 11 15 17 25
2 4 5 6 8 17 24 25
9
3 8 11 14 15 21 24 25
1 2 8 13 15 22 23
10 20 24 25
10 15 18 20 25
3 4 6 7 13
1 5 6 8 12 13 15 18 20 23 24
8 13 19
3 24
1 2 4 5 9 11 13 16 17 24
5 6 9 19 22 23 25
4 5 6 8 13 17 23
1 5 11 18 21 23
1 4 7 21 22 24 25
4 6 7 10 17
3 4 6 7 13 14 16 22 24 25
9 19 21 23
2 4 5 7 11 12 19 20 21
1 3 7 15 16 21 25
3 7 8 13 15 17 18 20 21 22 23 24
9 12 13 14 17 20 22
8 9 12 14 23 24
7 14 18 23
4 8 11 23
1 4 14 15 17 18 19 21
2 8 9 11 17 20 25
1 3 5 10 19 20
1 6 11 12 13 17 21 23
9 16 17 21
4 6 7 13 16 19
3 4 7 14 24
2 3 11 12 13 18 20 22
2 15 17 20
3 4 6 9 11 12 13 14 20
2 4 8 16 17 22
11 12 14 22
2 6 8 16 21 22 25
8 10 11 14 24
3 10 15 20 23 25
2 7 9 10 14
3 12 13 16 18 20 23
2 3 5 6 12 14 15 22 23 25
6 9 14 16
2 10 13 14 16 22
4 9 10 14 24
3 5 12 17
7 9 10 12 14 19 20
9 12 16
2 5 23 25
4 5 8 12 14 15 17 19 20 22 24 25
1 9 10 13 15 16 17
4 5 6 9 10 15 16 18
3 9 10 12 14 16 18 22
4 7 8 16
11 20 25
8 11 12 17 19 22
4 7 16 17 23
2 4 13 14 16
1 3 5 7 11 24 25
2 11 17
7 12 16
3 4 5 6 7 8 11 14 24
1 5 6 7 12 13
3 8 9 12 18 19 23
1 5 7 11 16 17 18 24
3 4 5 10 11 13 17 22 23
1 3 14 15 16 17 23
