7 8 10 12 20 21 24 25
3 4 9 10 13 17 22
3 4 6 8
3 7 8 12 22 23
6 10 11 15 19
1 6 8 10 13 15 20 21 22
3 6 8 14 21 23
7 12 14 16 25
4 5 7 14 20 24
9 11 24
4 5 14 16 18 21
2 4 5 6 12
10 11 19 20 22
11 16 19 22 24
1 4 16 17 23 24
7 17 18 19
1 6 10 15 24
4 14
3 10 13 14 20 22
1 7 8 11
12 13 24 25
1 2 4 6 7 8 9 24
1 6 9 10 13 16 23
3 17 19 20 23
3 13 15 21
4 6 14 15 23 25
1 4 7 8 9 11 17 18 22
8 16 17 18 24
7
19 21
8 15
7 11 14 20 21 22
9 13
6 10 12
13 16 18 20 24 25
1 3 7 8 11 14 15 24
1 6 17 18 20 23
2 5 7 8 15 16 17 25
25
2 6 15 20
1 16 19
16 19 22
3 19 20 22
4 20 23
5 6 12 13 14 24
3 11 23 24
15
2 6 8 12 18 23
1 4 5 6 12 15 20 25
14 17 20 22
16 17 20 21
3 4 10
2 11 12 13 16 19
10 11 16 17 20 25
4 5 6 7 8 13 14 15 17 19 21 22 25
2 4 10 14 18 19 20 22 23 24
7 13 15 21
3 4 13 14 20
22 23
1 4 9 15 22 23 25
2 5 6 11 16 19 21 24
8 10 12
4 6 8 16 17 24
1 9 13 22 25
1 3 5 16 19 20 22 24 25
1 3 6 16
4 5 11 18 22 25
1 2 4 6 10 23 25
2 3 15 19 20 21 25
2 14 15 18 25
1 6 9 13 17
6 8 12 19
1 3 4 6 11 13 14 17 20 23
1 4 9 19 23
5 6 9 13 15 17 18
2 12 14 15 17
2 5 16 17 21 25
11 19 21
5 9 23
5 10 14 18 23
4 8 9 13
4 10 14 15 21 25
7 14 16 25
3 4 10 13 16 17 18 20 22
1 5 14 20 22 24
7 16 23
1 5 6 9 16 17
1 3 9 11 16 17 24
6 10 11 14 15 22 25
1 4 5 10
13 15 16 24 25
1 2 20 24
2 6 8 13 23
1 4 12 23 25
3 8 10 12
1 2 4 7 8 10
4 15 16 19 23 24
6 10 16 20 23
9 12 13 18
1 3 8 16 22
3 10 13 15 18 20
1 13 16 20
1 7 15 17 23
5 6 10 20 23 24
2 12 17
2 3 14 25
4 5 9 23
10 20 24
4 12 18
13 18 25
3 10 13 17 18 20 22 25
8 11 18 19 20 21
1 2 12 19 21 22 25
1 3 4 10 14 22 23
5 7 12 15 17 25
1 6 10 13 16 17 18
1 9 13 21 25
1 8 17
3 4 13 18
4 8 17 22
1 2 3 5 11 12 25
1 3 6 11 19 20 24
7 17 18 20 24 25
17 20
3 16 20
5 9 15
5 7 8 16 23
1 3 5 8 19
19 23
14
7 10 13 16 17 18
3 12 13 15 17 21 22 24
1 7 11 13 14 18 21 25
3 5 9 12 14 20
3 22 23
1 4 13 14 22
1 3 7 10
2 7 8 11 12 17 24
5 8 10 14 20 22
1 2 3 4 10 11 13 19
2 9 21
5 18 19 20
4 8 10 12 14 23 24
3 5 6 8 15 17 18 19 21 22 23
8 9 14 20
2 3 6 9 10 25
1 2 5 11 15 16 17 19
1 7 11 12 13 16 18
1 5 10 11 15 17
4 8 17 25
2 12 24
4 13 16 25
1 19 22
4 25
2 12 15 23 24
15
2 20 23
6 19 20 23
6 9 10 13 17
1 4 12 16 17 22
1 4 6 7 14 16 19
1 3 4 6 11 13 18
3 5 6 7 10 11 12 16 19
3 12 13 21 24 25
11 14 17
3 7 12 13 21 22
6 8 9 15 16 20 25
2 3 4 6 8 13 20 24
3 8 16 17 20 21
13 16 20
4 10 11 13 19 24
11 20
14 17
4 5 7 9 12 13 14 18 19 21
3 5 6 12 13 18 21
3 4 8 13 16
9 13 20 23 24
1 2 11 14 17 19
1 12 13 16 17 20
5 9 16
2 9 11 13 17 18 21 22
5 12 13 17 19 22 24 25
1 7 8 11 13 15 17 20
2 6 7 9 10 12 16 24
1 2 3 4 13 15 19 20 23
4 12 16 17 19
6 20 25
1 5 10 15 16 20 25
7 12 14 18
1 16 19
4 11 20 21
1 8 19
1 2 5 8 9 15 20 22 23
3 5 9 19 21 25
1 3 15
1 2 6 9 15 18
5 10 13 23 24 25
3 9 16 17 23 25
1 3 18
7 9 19 23
