1 8 11 15 16 18 20
2 6 8 14 15 18 19 20 22 23 24 25
8 17 19 20 25
3 11 18 19 22 25
4 17 20 23 25
4 5
2 6 14 16 18 20 22 24
3 4 5 13 18 19 22 23 24
3 5 10 19 25
2 3 4 6 11 20 22
5 6 7 8 10 14 25
1 2 4 9 10 12 14 15
3 4 6 7 13 16 19 20
5 6 7 14 16 21 24 25
2 10 19 24
18 22
6 7 8 18 20 22 23
1 2 4 5 6 9 10 14 20
3 7 10 18 19 21
7 14 16 19 23 24 25
1 10 11 12 15 19 21 22 23
5 7 12 13 14 24 25
9 13 15 16 17 19 24
3 4 5 10 18
1 3 6 10 14 15 17 20
7 15 16 21
5 13 16 19 23
3 5 9 10 16 20 22 24 25
8 11 14 16 17 22 25
2 9 10 13 19 22 24
2 3 7 10 14 16 19 20 21 24 25
3 7 10 16 18 22
1 2 6 13 19 21 22
5 7 12 13 17 19 21
2 8 10 12 15
1 5 10 14 15 17 20 21 25
2 8 13 14 15 23
5 6 13 16 19 22
2 8 10 21
2 4 5 7 9 11 20 21
5 8 13 16 20 21
1 15 16 22
19
4 7 9 10 20 21 23 25
3 8 13
6 9 11 12 21 25
3 4 5 6 9 16 19 21
4 12 13 14 15
2 4 7 9 16 17 25
1 12 13 18
1 5 8 11 12 14
3 7 10 11 12
2 9 11 22 24
1 7 8 9 11 13 14 19
3 4 17 18 19
6 7 14 18 23 24
10 13 17
12 13 22
3 8 16 19 22 25
3 4 8 9 11 14 22
2 3 5 7 9 13 15 18 19 20 24
1 2 4 6 9 15 16
20 21 24
1 3 6 9 13 16 17 20 25
14 15 19 20
4 11 13 15 16 21 23 24
3 4 5 8 12 16 19 20
2 8 10 12 15
2 6 8 12 14 16 21
15 18
1 13 16 18 19 23
2 7 10 13 15 19
3 4 6 7 9 10 11 12 14 16 21 24
1 3 5 7 13 25
8 12 15 16 17 22 24 25
3 7 8 9 15 17 24
2 5 8 19 22 25
5 8 12 21 22 24
3 7 10 16 17
5 9 11 14 16 17 18
13
1 2 3 5 6 7 8 11 13 14 17 22
1 12 17 22 25
2 6 7 13 17 22
3 7 13 16 17 18
3 8 9 10 13 14 18 24
6 8 19 21
1 6 11 15 19 22 23
1 5 6 7 9 10 12 16 21 22 24
2 6 10 12 13 15 17 24
8 12 22 24
4 6 9 18 19 22 23 25
1 4 8 11 15 22 25
1 8 11 12 20 22 23 24
8 15 17 18 21 25
2 13 22
2 17 22 25
1 2 3 13 14 18
1 16 22 24 25
3 5 8 16 19
11
4 16 23
9 10
1 11 20
10 20 21 22 23
1 6 19 22
1 3 5 11 17 18 22 25
6 9 17 19 21 23 25
6 8 9 12 17 20
7 9 13 14 17 18 24
3 5 8 9 12 14 16 25
1 4 6 12 13 19 20 21 22
1 4 7 11 15 20 21 23 25
4 11 12 13 15 18 23 25
1 5 6 12 22 24
13 18 20 23
5 6 7 9 11 19 20 25
2 14 19
9 15 19
6 9 17 20 21 23
2 11 12 13 14 17 23
8 14 16 17 20 24 25
4 13 15 20 21 22 23
1 4 9 14 15 16 20 25
6 8 16 20 25
1 13 14 20 24
6 9 10
2 6 9 12 22
2 6 14 18 21 24
1 2 5 9 13 22 24
3 8 9 10 12 14 16 17 19 20 24
1 2 3 10 16 20 24 25
7 8 19 21 23
8 11 16 21
11 20
5 6 7 9 11 22
5 7 11 13 17 20 21 23
4 11 13 15 16 25
7 11 15 17 24
7 9 13 21 22 24
14 15 18
3 7 9 11 17 19 23
3 4 6 9 10 15 18 19 20 25
4 10 12 14 15 25
8 11 13 14 20 21 22 24 25
14 15 20 23
1 4 5 6 8 14 20 21 22 24
5 7 17 21 23
1 3 6 9 21
5 12 16 18 24
2 10 11 12 15 25
1 5 8 17 24
5 23 24 25
14 18
1 2 8 10 20 21 25
6 11 24
1 5 6 7 8 17 20 23
1 4 5 11 12 19 24 25
2 3 8 13 14 17
7 9 11 14 25
2 5 6 20
7 21
2 4 6 13 19 20 21 22 25
1 2 3 7 8 9 10 13 14 15 18 23
2 22 24 25
1 3 4 5 10 16 20
6 14 23
4 6 17 23 25
3 7 10 15 21 22
1 2 3 10 16 21 22 23 24
1 12 16 19 20
10 16 17 19 21 22 25
16 18 23
8 15 20 21
2 5 8 15 19 21
3 21 24 25
3 9 10 14 18
6 10 11 12 15 16 19 24
3 7 13 15 16 18
2 4 5 8 10 19 23 24
2 5 8 17 23 24
1 2 11 18 24
3 8 9 16 22 23
1 13 16 20 23
8 12 17
2 7 8 10 16 18 19 22
1 3 11 15 19 20 21 22 23
3 10 22
1 10 13 20
3 5 7 10 21 23 25
3 12 13 14 20 25
1 7 11 13 14 16 21 25
12 16 21 23
3 5 6 9 10 17 24
1 2 4 6 8 11 12 14 22 23
2 10 17 19 20 23 25
4 12 17 20 21 22
6 7 12 13 15 20 22
9 10 14 23
4 10 14 17 18 21
