2 8 11 14 15 16 17 18 20 22
3 5 7 8 11 16 20 22 23 25
1 3 15 18
6 8 16 17 18 22 25
10 13 16 19 23 24
3 6 8 9 12 13 20 21 22 25
5 6 7 9 14 20 22 24
3 4 10 11 18
2 4 6 9 11 12 13 14 23 25
1 6 8 10 14 16
14 19 22 24
4 5 6 8 15 19 22 25
12 15 16 18 21 23 24
2 8 14 17 19 20
3 5 6 15 19
5 6 16 18 20
6 11 13 20
4 15 17
1 2 5 7 9 14 16 19 20 21 25
1 2 5 8 10 14 17 20 24 25
1 3 11 12 14 19 24
3 4 16 18
1 2 6 8 10 14 16 18 19 20
1 3 4 6 16 17 20 22 23 25
1 2 3 7 9 13 22 25
6 7 11 12 14 16 18 19 24
2 4 6 11 14 17 18
4 5 14 16 19 20 25
3 4 8 15 21 23 24 25
3 5 15 20
5 10 23 24
2 3 4 6 10 12 14 15 17 18 19 20 21
3 9 10 15 20 21
3 7 10 19 22 24 25
1 2 8 9 12 15 20 21 23
3 6 11 12 13 17 18 24
1 3 9 12 16 17 19 23 25
2 14 16 18 19 21 25
3 4 5 7 10 11 13 14 15 17 18 19 23 24 25
3 6 16 17 20 22
5 6 8 14 15 18 21 24
1 3 9 17 20 22
1 3 5 6 9 10 11 14 18 21 23 25
2 3 7 8 11 20
1 2 4 5 6 13 15 18 20 21 23 25
1 2 6 7 9 15 18 20 24
1 2 5 6 7 12 14 17 18 22
1 3 7 13 14 19 22
5 7 8 9 11 13 15 19
3 4 7 9 10 14 17 18 19
1 2 4 7 11
1 7 10 13 14 18 23 25
1 4 5 8 11 15 16 17 25
9 10 11 17 18
3 6 14 15 23 25
3 5 9 10 12 16 17 20 25
1 3 15 20 22 23
1 2 4 7 9 11 16 21 25
4 8 9 12 20 24
10 11 13 15 23
6 7 13 15 16 18 19 20
4 5 6 8 9 24
2 4 7 8 15 16 17 21 22 23
2 10 13 18 19 22 24
1 2 5 6 8 10 11 15 21 24 25
1 3 4 6 12 16 20 21
3 5 6 7 11 13 15 23 25
2 9 10 11 12 17 18
1 2 5 11 16
2 5 7 9 10 11 15 17 25
1 4 7 8 10 12 17 21 25
2 3 4 8 12 13 17 22 23 24
3 5 12 15 17
4 5 6 7 9 17 19 20 22 24
1 3 4 9 22 25
4 6 10 13 19 21 22 25
1 2 3 4 6 14 15 19 20 23
5 8 18 22
9 17 24
1 2 3 4 6 7 8 9 10 22
6 10 11 12 16 17 18 23 24
4 5 7 14 15 16 19
1 5 9 10 12 13 14 18 19 22 23 24 25
3 6 10 12 14 17 24
2 3 4 6 9 10 15 19 23
2 3 9 13 16 21 23
1 3 6 7 10 24
2 10 18 20 24 25
1 2 4 5 6 9 14 15 16 25
1 5 8 11 14 19 22 23
1 5 7 10 14 15 16 19 22
1 9 12 15 16 17 19 21 25
1 3 7 19 24
2 3 4 8 12 14 15 16 18 19 20 25
1 4 7 8 9 10 17 22 25
1 2 10 12 19 25
3 8 10 12 21 22 25
1 4 5 6 10 11 13 14 15 18 25
4 9 13 15 17 18 23 25
1 5 7 8 12 15
8 10 11 17 23
2 4 5 6 12 14 20
1 2 4 7 8 10 12 20 24
2 3 5 9 13 15 20 23 25
4 5 10 12 17 22 23
1 3 7 11 16 24
6 16
6 20
2 3 8 18 20 21 24
9 10 13 17 23 24 25
3 4 5 6 8 11 14 15 17
2 3 4 9 10 11 12 13 14 15 16 19 23 24 25
2 3 4 12 17 18 20
2 3 6 7 10 11 12 13 14 15 18 21 24 25
7 8 18 21
1 5 8 21
6 13 14 15 16 24
7 10 13 17 18 22 23
1 6 10 14 20 23
6 8 10 11 17 19 25
5 8 15 16 18 24
3 6 16 22
5 8 11 12 17 20 22
6 7 8 9 10 14 17 22
2 12 15 17 18 21 23
5 10 11 15 16 21 22 23
1 4 6 9 10 20 21 22
2 6 9 10 11 12 17 19 21
8 9 10 11 18 20 23
1 4 12 13 18 20 24
1 3 5 10 15
1 3 6 13 16 24
4 6 7 8 10 11 13 16 17 18 19 20 21
2 4 8 9 12 16 18 19 21
5 9 13 22 23
1 2 10 11 12 13 14
9 11 12
1 2 8 10 16 22 25
9 10 13 21 23 24 25
1 4 6 9 10 12 14 17 18 22 24
4 10 14 15 16 23 25
8 9 10 12 14 20 23
3 7 10 14 15 17 21 23 24 25
3 12 14 17 18 19
1 4 10 13 17 19 20 25
1 9 11 12 15 16 19 20 23 25
1 3 4 5 8 15
1 8 15 21 22 24 25
2 3 5 9 12 14 20 22 25
4 8 10 13 25
1 2 5 6 11 13 15 17 20 21
6 7 10 17
7 9 14 17 20 24
3 8 24
10 14 20 21 22 24
4 5 7 8 12 14 15 17 24
8 9 11 13 18 20 22
10 21
3 4 5 9 12 14 19 24 25
2 5 6 9 14 17 18 22 24 25
3 4 8 9 14 15 17 18
1 2 17 18 24
2 5 7 9 11 15 23 25
1 6 7 11 12 13 14 15 17 20 23 25
2 3 6 8 11 14 15 17 21
5 6 12 15 19 22 24
1 15 16 20 23
1 5 6 7 13 16 17 18 23
4 6 8 10 11 13 14 15 16 20 25
1 5 7 20 21 22 25
1 5 11 15 20 22 23
1 2 3 5 7 10 12 15 16 19 24
6 8 10 12 16 19 20 22
1 2 5 6 8 12 20 21 22
2 6 8 13 21
2 8 12 13 17 18 19 20 25
7 8 14 21 24
1 5 6 16 20 21 22 23 25
1 5 8 13 19
7 8 9 16 19 21 22 23 25
1 2 3 11 12 16 18 20 21 24 25
4 5 7 8 10 15 19 21 22
2 5 10 11 16 17 20 24
1 3 4 5 11 13 15 21 23
1 4 9 13
13 20 25
2 10 21 22
9 23
3 5 8 9 13 14 18 20
2 5 7 8 9 12 20
2 3 5 7 10 16 21 22 23 25
2 9 13 14 18 19
7 10 13 14 16 17 20 21
1 2 4 5 8 13 14 17 18 19 20 21 23 25
5 6 8 9 10 12 13 17 18 20 23
6 7 11 13 18 21 24
2 5 8 11 16 22
1 2 4 8 10 11 12 15 17 18
1 5 12 13 15 20 21 22 25
4 15 16 18 22
