1 3 8 16 19 21
1 3 12 13
15
18 23
20
14 21
2 6 12 13 15 16 17 21
2 3 6 14 19 20 21
6 7 8 10 13 15 22
9 12 15 18
4 6 19 23
8
8 9 17
3 7 10 21
1 18 25
1 19 23
8
22
20 22 23
3 7 8
5 9 16 17 22
4 19
3 15
3 6 13 16 17
7 8 10 18 20 21
6 24
1 3 16 25
9 10 22
2 12 20 22 23
6 10 15 18 19
2 6 20 24
9 11 15 18 24
10 17 19 23 24
1 2 6 7 8 11 24
3 11 16
9
3 7 12 21 22
1 11 14 19
25
1 4 5 22
18
1 6
7 12 13
6 10 12 17
2 7 22
13 14 16
7 9 22
10 19
1 7 12
1 3 18 23
3 6 14 20 23 24
9 10
5 20 24
14 19 20 23
22 25
7 8 19 23
10 15 16 20
1 3 8 9 11 17 25
2 8 11 19
25
1 3 6 12 13 15 22 25
14
1 8 24
8 9 10 13 23
13 15 24
2 7 10 11 19 21 25
4 8 15
10 14
8 13 24
3 7 11 15 23
10 13 17 20 22
4 8 11 21 23
5 8 15 18
3 11 12 15
9 10 11 20 22
7 11 15 20
6 13
3 17 25
2 5 7 22
10 13 16 20
10 12 13 21 24
10 13 16 19
3 4 14 17
3 10 15 18 20 22 24
1 2 4 8 9 14 23
5 12 15 16 24
4 9 11 22 25
22
9 11 13 14 16
2 5 8 10 13 22
11 20 21 23
4 19 21 24
3 19
1 11 14 19
3 10 11 16 17
6 7 15
6 7 12 14 19
4 7 9 12 13 22
2 7 11 15 20
4 5 6 8 17
6 8 9 19
13 21
12 14 16 18 21 25
21
9
4 6 23
1 3 12 13 16 21 23 24 25
2 15 23
6 11 19
4 18
3 9 13 14 24
1 6 9 14 20
1 10
1 3 12 22 23
1 11 16
3 6 8 10 16 24 25
12 21 22 23
6
6 12 24
2 5 13
3 22 23 24
19 22 23
2 3 18 25
4 8 17 18
2 7 8 15 21 25
2 8 14 18
1 4
2 7 14 16 18 20 24
5 6 8 17 23
9 25
13 14 17 25
6 21
4 24
1
2 8
23
2 8 17 25
4 10 18 23 25
12 14 21 23
2 5 25
6 23
6 8 15 17 20
2 7 8 14
2
25
2 3 8
7 10 17 25
15 21 25
3 6 12 17 18 20
5 17 24
7 16 19 20
5 16 19 24
4 7 12
12 17 20 21 25
9 10
3 5 8 9 19 21
11 15 18
5 7 18 21
1 5 6 8 12 15
4 9 11 12 17 19 23
2 8
17 18 21
6 7 24
3 11 14
5 9 10 22 23 25
5 14 16 19 20 25
3 6 8 17 18 25
3
1 3 5 6 20
7 17
10 18 23
8
3 16
14 20
1 3 6 8 10 19 21
1 4 5 6 8 15 16 18 20 25
6 22
13 14 17
2 4 10 12 18
9 16
1 6 11 22
10 22
1 7
10 12 13 14 20
4 8 13 25
7 9 12 21
6 17 24
14 15 18 20 23 24
1 3 8 18
9 11
2 5 9 18
6
4
12 13 15 20
5 9 15 19
2 3 10 15 16 17
5 12 20 23
10 25
2 4 12 13
9 10 21 22
