1 4 13 16 23
12 14
6 10 13
1 8 24
15 18 19
5 16 23
2
1 6 11 24
2 22
16
7 11 25
5 6 17 19
9 11 12
5 7 9 16 20
10 11
5 10 18 23
15 24
6 12
8 10
1 13
2 5
12 19 22 23
15 16 18
3 4 20
4 9 17
9 14 20 25
10 20
3 11 15
5 12 22
7 9 12 18
14 19
7 14 21
11 22
5 21 22
12
4 12
9 11 19 21 22
4 16
2 15
1 17
2 12 13
6 9
17
10
3 7 12 16 17 24
5 22
8 9 17 25
10
8 19
1 8 12
17 18
1 9 13 14 16 21
1 20 24
6 11 19 23
2
2 11
13 14 23
4 13 19
6 19
5 10 18 20
5 12
1 13 17 18 23
7 11 24 25
15 16 17 18
9
8 12 17
7
1 11 17
18
18 20 22 23
3 19
3 8
12 15 20 22
2 6 12 15 20
2 15 16 21
9
3 8 11 13 20
11
5 7
5 12 14 20
4 6
4 9 21 22
7 13
5 7 9 11 23
21
12 18 25
21
8 23
17 22
11 23
9 23 24
6 12 15 16
3 5 8 9
4 5 22
3 5 12 18
2 4 10 11
3 11 13 18 20
15 21 23 24 25
6
6
11 18 22 24
15 19
4 12 14 15 23
3 7 13
16
17 24
5 15
6 19
2 5 19
16
5
4 16 25
8 11 16
3
25
10 22
5 6
10 16 21 25
10 12 17
5 7 12 15
6 20
23 25
4 8 10 11 16
1 10 12 20
2 12 14 25
2 3 6 8 11 12
3 20 22
13 16
1 13 19 24
10 12 16 17 24
1 6 10 11 12 13 23
12
6 7 8 19
1 2 4 5 13 18
17 19
9
2 4 12
2 3 14 17 19 20 22
15 16 18 22 24
7 16
1 16 17 20
13 15 22
8 22
6 7 8 12
8 17 21
3
3 24
14 20 21
14
4 5 25
23
5 7
11
1 4 9 16 20
17 19
6 14 16 20
14 22
13 19 24
1 3 6 22
3 18
8
4 13 19 20 23
2 6 21
7 13 15 23
25
19
10
1 10 15 22
6 21
2 8
13
1 9 12 19 20
8 13 15 25
3 20 24
1 6 20
7 20
2 7 23
3 7 11
17 20 25
3 5 12
3 6
3 6 17 21
1
1 10 16 21
7 13 15 25
2 8 10 12 15 20 21
2 19
17
9 13 16
5 14
18
14 15 21
10 12 17 19 22 23
6 8 16
7 22 23
14 21
2 18 20
17
5 8 9 18 22
7 14
