20 21
1 6 7 10 16 20 23
7 20 25
1 2 19 21
2 19 20 23
2 3 4 20 21 22 25
2 5 25
4 6 12 18 20 21
1 6 18 21
1 2 7 24 25
8 10 11 21 24
4 8 11 12 15 19 23 24
3 7 11 15 16 18 19 22
1 14 15 23
1 2 3 10 14 21
14 18
5 8 14 22 24
12 23
10 12 14 16 20
13 14 19 22
13
3 14 21 22 25
2 7 13 21
2 4 8 21 23
2 4 8 9 17 25
1 2 6 8 18 19 20 22
1 7 8
9 11 15 17 21 23
1 5 10
3 4 6 12 13 15
2 4 13 21
8 13 21 25
1 3 10 17 21 22
1 17
2 10 11 15 18 25
16 17 19 20
1 17 22 25
2 12 15 16
5 6 10 18 24
23
2 4 6 7 11 13 15 16 18 23
4 6 14 19 20
6 13 25
2 3 7 11 17 18
3 12 14 18
2 10 17 18
1 3 14 17 19
14 20 21
8 16 24
3 7 23
3 4 9 23
3 12 15
1 3 7 12 15 20 25
1 2 10 12 13 14 17 18
3 5 7 13 15 17 18
14 15 19 20 22 24 25
4 6 14 25
1 17
6 9 10 13 25
7 9 11 18
3 10 12 19 25
11 24
7 10 13 14 23 25
1 6 20 23
4 10 11 13 20
1 3 9 19 24
4 7 18 19 21
4 7
3 9 10 14 17 19 22
6 12 13 18 20 23
4 7 9 10 19 23 25
6 15 16 21 25
4 6 13 17 20 25
1 13 15 21
6 7 8 11 16
5 8 18 20 21 22
5 11 16 22 24
3 5 8 12 21
5 14 19 23
12 22 23
10 12 15 19
16 18
16 18 24
3 5 18 21
1 4 18
10 18 19
2 9 13 23
9 14 17 19 23
5 15 23
2 3 15 19 23
1 4 13 19 21 22
1 2 4 5 10 21 22
9 20 21 24
2 3 8 10 16 17 25
2 5 6 10 13 15 19 20
4 7 14 15 17 25
11 16 19 22 23
2 4 8 10 13 24
2 4 7 11
5 13 20 23
3 5 11 12
2 6 19 25
3 8 9 15 22 23
4 9 14 17 21 22
2 6 10 11 15 19 23 24
5 9 10 11 13 15 17
3 6 12
1 3 5 6 9 22
1 9 10 14 18 25
6 14 15 17
7 8 10 13 18 20 24
1 4 6 9 13 17 19 25
8 9 10 15 22
6 14 16 17 19 22
12 14 16 19 21 22
3 4 8 14 18 19 20
2 5 11 15 17 20 24
10 12
2 9 17 19
1 5 10 13 21 22 23
7 21 24
12 18 21
4 5 8 16 23 25
8 11 19
10 25
1 2 4 15 16 19 25
2 7 9 16 23
5 11 15
6 22
1 4 10 14 17 21 22
10 11 17 22 25
1 7 19 21 23 24
3 12 21 24 25
4 5 6 15 18 20 23 25
7 12 18
5 13 17 18 21
2 3 5 7 10 15 18
3 8 13 16 20
6 21
6 13 20 22
8 15 21 24
1 2 3 4 19 23 25
3 8 12 15 17 21
7 21 25
9 19
3 5 15 16 19 21 23 24 25
6 7 9 13
9 12 18 19 23
1 5 13 15
6 8 9 16 20 21 24 25
5 9 21 22
10 12 16 17 18 19 21
24
1 4 13 18 21 23 25
3 6 13 17
4 6 17 24 25
2 5 6 8 10 13 22 23 24
1 14 17 23
1 17 18
7 20 24
3 12 15 16 21 22 23
17 24 25
6 8 11 14
6 20 25
12 14 16 18 20
7 22 25
6 8 20
1 3 4 7 15 22
1 9 10 12 20 22 24 25
2 5 6 11 18
1 9 10 12 19 20 21
4 8 9 18 20 23 24
11 18 19 22 25
2 18 21 23
10 12 14 15 18 22
1 5 7 12 13 17
9 14 21
11 22
5 8 13 15 17 20 23
4 5 8 9 16 17 19 22 24
9 15 21 24 25
15
11 15 19 20 21 24
1 14
12 16 21 23
5 7 8 9 11 12 17 18 19 20 21
3 5 13 23
11 13 19 23 25
11 13 14 15 18 19 22 25
5 10 16 19
3 5 12 14 15
9 15 17 20 22
1 3 4 6 13 14 16 20 24
1 25
2 5 7 9
4 7 10 11 12 18 23
8 14 18 21 22
1 2 15 19
2 5 6 21 22 24
5 9 21
