1
18
5
8
14
4 9
14 19 24
3 20
1 6
4 9 18
17
1
10
19 21
1 21
4
6
9
9
12 17
3
7
9 15
17
4
1
11 13
8 21
3 7
11
13 14
11
24
6
13 18 20
17
2
6 14
10 15
8 15
25
3
1 11
13
4 14
8
7
5
21 25
5
2
22
5
7 22
2
21
8 15
2 23
8
2 12
18 19
3 9 14 16
10
23
10 14
5 10
4 6
9 16 19
6
1 14 18
3 6
21
10
7 17
15
20
9 21
25
6
4 10
21
2
1 2
6 10 16
11
4 17 24
1
2 6 14
19 22
14 15 18 21
25
12
12 19
5 6
13 15
7 9 15
7 15 23
10
4 5
25
14 18 19 22
5 22
9 16 18 19 22
19 25
13 20
23
1 8 24
2 3
6 14 17 23
9 13 14 25
16 23
16
1 18
7
8
10
4
24
2 5 19
8
5 10 18
10 13
8
10
4
11
12 21
19
4 10 13 19 23
5
17
3
15
12
8 13 17 25
16
6 15
6 15
11
1 22 25
12
4 9 17 20
6 23
19
6
1 5 13
3 5 12 20
11 25
3
23 25
11 14
21
1
8
18
16 18
23
18 20
24
7 19 25
5 6 8 25
1 11 21 24
14 24
13 18
6
23
16
2 11
13 19 24
11
1
15 19
18
5
22
15 19
18
8 13 15
13 19 24
3 13 15
5 16 18
3 23
1 3 6 8
10
7
9 10
2 19
5 10 11
5
7
2 7
4
24
20
2
5
15 20
5
6 7 21 25
3 23
