1 3 4 6 7 8 9 10 19 20 23 24
2 3 8 14 21 22 23
2 9 10 11 13 16 19 23 24
5 12 13 14 17 20 21 24
1 10 11 14 20
4 13 15 18 20 21 24 25
19 22
1 2 3 11 13 21
1 3 5 7 9 17 19 23 24 25
4 6 12 15 25
6 15 17
9 18 21
2 9 11 16
5 10 11 14 15 18 24 25
10 13 15 18 19 22 25
3 7 13 14 18 19 20 21 24
4 5 6 8 13 22 25
4 6 15 18 19 20 25
1 5 18 22 23 25
1 2 7 10 15
1 3 4 10 20 21 23
7 9 11 19
1 2 16 18 19 20 23 24
7 10 12 13 14 16 17 19 22 24
12 16 25
9 11 14 17 22 23
4 10 14 23
1 6 11 19 21
4 5 10 12 15 16 17
9 16 18 19 20
3 4 16 20 22 23 25
12 16 19 20 22 23 24
3 6 8 10 18 21 22 25
1 2 5 7 12 15 21 22 24
2 18 20 22 25
3 4 6 19 20 22 24
3 6 7 14 21 24
3 5 6 16 25
1 3 15
1 3 4 5
3 5 6 7 21 22
2 7 8 10 12 13 15 16 22
7 11 14 18 24
1 2 3 4 15 19 20 23
1 4 10 11 23
12 15 16 17 22 25
2 3 10 11 16 23
1 3 4 5 11 24 25
11 19
4 6 16 24 25
7 11 13 19
3 8 9 10 11 13 17 18 21
6 8 12 13 15 16 17 23 24 25
3 7 15 19 20 21
1 4 6 7 10 14 17
23 24
1 2 6 8 11 13 18 19 22 23 25
4 5 17 24
1 3 6 7 11 12
3 7 8 14 15 16 18 20 21 23
2 5 7 16 17 18 19 25
3 5 6 11 21 24
6 8 12 14 17 19
5 7 10 15 19 20 25
4 7 10 15 19 21 25
2
1 7 9 15 17 19 25
1 10 17 18
2 5 8 9 10 11 16 21 25
6 7 10
6 9 10 11 12 14 19 20 22
1 7 8 11 19 24
4 7 14 16 19 22
2 6 9 13 20 25
5 9 16 17 18
3 8 12 14 17 23 25
7 9 13 16 20
3 4 7 11 16 25
1 2 6 17 18 25
6 8 12 14 15 18 19 25
7 13 15 16 19 21 25
6 7 8 13 14 20 23
9 13 16 19 24
1 4 5 10 13 14 16 17 18 20 25
5 7 16 25
4 6 7 9 17 19
1 3 5 20 21
3 7 8 10 15 21 23
2 7 10 13 18 20 21
5 9 16 17
8 19
1 2 8 13 17 22 25
9 15 19 21 24
14 15 19 21 22
9 11 19 22 25
2 8 12 14 19 24 25
3 4 8 14 18 19 23
4 6 15 20 23 25
4 5 7 9 12 14 20 24
3 5 7 8 13 15 21 22 24
1 5 9 13 17
10 11 18 19 20 23
2 5 16 21 25
4 5 18 21 24
1 7 8 13 19 21 24
18 25
3 5 8 11 12 13 16 22 23
6 8 9 22
2 4 13 21 22 25
8 13 15 17 18 22 25
1 2 12 13 14 17 22 23 24
4 9 10 11
2 3 4 6 8 12 25
1 2 3 4 7 15 18 22 24
7 11 12 14 17
1 5 7 13 19 24
17
1 6 7 8 11 14 15 24
1 7 9 14 18 19 23 25
3 15 24
4 6 7 9 11 13 15 17 19 23 24 25
1 6 8 15 19 25
2 3 5 6 7 9 18 19 20 24
1 15 22
2 4 7 10 15 17 20
1 2 6 7 10 11 18
6 12 19
4 5 9 10 11 14 16 17 19 25
4 5 7 8 11 12 13 14 16 21 25
1 2 11 14 18 24
7 11 18 22
5 11
3 11 15 19 22
5 11 13 16 19 20 21 24
4 9 10 12 13 14 18 19 20 25
4 5 7 8 9 11 12 17 24
6 7 12 14 15 19 21 25
1 3 7 8 9 11 25
2 5 9 10 18 21 24
1 8 21
14 17 21 24 25
2 5 7 10 11 14 15 19 20 22 25
10 17 21 22 25
2 6 13 18 19 21 23 24
2 5 9 19 20 21 23 24
5 6 10 12 16 17
4 12 13 17 18
1 5 9 13 20 22
1 2 3 9 12 16 18 19 24
2 5 11 13 14 20 22
4 6 15 16 19 25
4 19 20
2 5 10 11 13 18 20
4 5 8 9 11 13 15 16 18 19 24 25
2 4 6 7 8 11 19 23
3 12 13 15 21
4 13 18 20 24 25
3 6 13 15 16 20
1 11 24
6 8 11 12 16 17
7 15 21 25
6 21 23 24 25
5 6 11 18 19 24 25
3 4 13 15 19 23
4 8 15 16 21
1 6 9 11 13 15 23
1 4 6 7 8 11 21
2 6 7 11 12 13 15 18
2 7 19 21 23 24
12 13 18 19 24
1 5 6 7 13 15 23 24 25
15 19 24
2 5 8 15 24
17 21 22
2 3 4 11 17 18 19 25
2 6 9 11 15 22 23
1 5 12 23
1 9 11 18 19
1 3 4 12 15 16 22 23 25
5 6 9 17 18 21 23
9 16 20 24 25
5 6 11 14 15 17 20 24
2 9 10 14 21 24
1 4 5 7 9 10 13 16 18 20 21 23
4 6 11 15 18 24
8 11 13 24
4 5 7
8 15 24 25
1 2 8 9 10 13 16 17 18
1 5 11 13 14 24 25
1 3 8 9 10 13 14 15 17 18 20 24
2 3 15 21
7 10 14 15 16 17 20
3 7 11 19 21 24
2 5 8 9 10 17 19 22
2 3 8 12 15
1 2 16 18 22 25
2 5
2 6 10 11 17
7 15
