24
13
3 12
5 10 12
16
12 19
24
3
3 4 10
10 11 12
3 21
10
11
4 10 11
2 10
25
21
5 6
19
8 20
4 6 7
10
2 4 12 13
17
3 13 14
6 8 23
16
3
7 19
6 17
16 25
8
20 25
5 17
3 18
14 23
2 22
20
12 20 21
11 21
5 7 18 22
12
6
15
5 12 18
2 14 17
12
8 20
7
13
8
9 19 21
15 17
11 24
16 23
25
17 25
6
7 22
4 8
9
11
1 2 4 5 14
9 15
23
3
2 17 18
6
5 8 23
2 14 17
11
9 13
6 19 21
5
13 20
24
19 22 24
4 13 17 19
9 16
11 25
9 11
11
15 25
3
16 18
19
18
17
2 4 9
19
14 22
2
10 11
15
17
5 8
18
2 8
23
5 13 20
19
15 16 21
9
10
15 23
5 22 25
10
17
8 17 20
14 20
4 19 24
4
3 10 15
6 11 12
3 4 17 25
4 11 14
8
19
15
2 21 24
25
7 18
21
8 23
8 23
1
14 22
1 25
8 11 14 22
11 14 20 24 25
6 8
25
5 11 12 13 19
7 9 25
7 24
19
13 19
19
12 19
5 15
8 19
1 10 15 19
25
25
6 22
12
7
7 15
14
6 18
6
15
4 12
19 22 23
5 6
15 17
18 24 25
17 19
11 13 16
15
8 15 23
7
2 7 8 20 25
20
16
2
4
19
2 3 4
1 16 17
2 12 13
5 17
3 5 16 25
19
2
20
17 24
13 18
11
5 14 16
3
6
2 12
11
3
22
2
2
3 10 19 22
18
5 6 23
16 25
7
22
21 23 24
9
18
14 15
17
6 25
