3 6 10 14 17 24
2 5 6 9 17 20
1 2 6 7 9 13 14 16 21
2 7 9 11 12 15 16 19 25
2 3 4 6 7 9 12 13 19 21
1 2 4 12 14 23
2 4 5 10 15 18 20 21
1 2 10 15 16 17 20 23 25
2 3 5 9 10 17 18 23
5 10 15 20 22 23 25
15 18 23
4 9 10 11 20 21 25
1 2 3 4 8 11 16 25
2 13 15 18 24
4 6 12 20 23
5 8 16 18 21 22
6 13 14
4 6 7 12 19 20 21 22
1 18
1 2 3 4 12 14 16
3 6 10 12 15 18 19 20 21
11 13 14 15 17 18 21
8 16 18 19 20 24 25
4 5 6 9 14 19 21 25
1 11 18 21 23 24
1 5 6 8 9 10 13 14 23 24 25
6 8 9 10 12 22
4 5 6 8 10 14 17 18 19 24
3 11 13 16 18 22
2 3 6 24
4 6 13
6 10 11 14 16
2 4 6 7 8 9 12 21
1 5 7 11 13 18 20 22
4 13 17 18 22 23 24
1 2 9 10 11 12 18 25
1 2 6 8 15 19 20 21 23 24
12 16 19 20 22 24
6 8 11 17 19 23
2 4 5 6 9 14 15 17 19 21
2 3 5 10 13 15 20 22 23
3 4 9 12 14 15 20 21 22
6 9 10 12 13 20 22 23 24 25
8 9 11 25
4 13 14 15 18
7 8 9 10 15 18 19 25
7 8 9 11 13 14 18 22
1 5 9 13 14 16 22 24
10 11 13 21 24
5 6 11 13 20 24
3 6 8 11 18 21
2 5 14 15 24
3 4 8 9 10 12 18 21 22 23 24 25
2 4 5 6 8 10 18
6 7 9 10 12 13 14 17 25
3 6 8 9 15 18 22
1 4 5 8 16 20 25
1 3 8 11 17 19 20 21 22 24
1 5 7 8 9 16 18 20 24
6 11 15 22
1 3 5 6 17 19 20 21
2 9 10 14 19 23 24
4 7 9 13 16 20 23 24
5 10 13 14 15 19 21
2 4 20 25
1 4 5 6 10 11 20 24 25
3 11 12 13 14 17 21 22
2 3 5 6 8 9 14 16 22 23 24 25
11 13 16 19 25
1 3 10 11 12 14 24 25
1 8 10 16 25
6 8 12 17
6 10 12 18 19 24
8 9 12 13 16 17 18 19 24 25
2 5 12 14 21 22
1 3 9 11 12 18 20
6 15 16 21 25
2 4 6 7 11 12 14 16 22 23 25
3 6 8 13 14 15 17 22
2 4 6 11 13 14 15 17 19 20 23 25
2 5 10 12 14 21 22 24
3 6 8 12 15 25
3 6 7 15 18 19 20 24 25
3 5 9 13 14 15 17 21 22
2 8 9 10 11 14 25
1 7 12 14 19 20 21 24
7 13 23 25
4 6 10 11 12
4 9 10 13 19 20 22 23
5 8 9 10 17 19 23
2 5 10 21
2 9 10 12 14 17 23
2 7 8 9 12 13 16 18 20 21 22 24
4 5 6 12 17 20 21 24
1 4 6 15 23 25
9 10 11 12 17 19 21
3 4 11 16 20 22 23
1 11 12 13 19 23
4 8 9 11 15 16 17 18 24
1 2 4 13 17 21 25
1 7 15 16 19 20
1 11 16 20 21 22 24 25
3 8 11 22 24 25
2 5 10 16 18 19 22 23
4 5 9 23 25
12 15 17 20 22
1 4 12 18 21 22
4 5 8 9 12 22 25
2 5 6 8 12 15 16 20 22 24 25
12 13 24
3 7 15 16 19 22
4 7 8 10 19 20
9 14 23
4 6 13 16 18
2 5 11 12 14 16 17 19 20
7 8 11 12 18 19 20 21 22
1 4 6 16 17 18 20 21
2 5 6 13 14 15 18 19 21 22
3 4 7 12 14 16 18 20 25
2 3 6 11 12 16 18 23 24 25
2 3 5 7 8 9 11 12 19 23
2 5 7 8 17 21
1 2 8 9 16 18 19 20 23 24
2 5 13 21 23 25
3 6 7 9 10 13 21 25
1 2 8 13 14 15 16 17 20 23 25
2 8 11 16 21 23 25
1 5 9 18 21
4 5 6 9 14 19 21 23
1 2 8 11 19 20 22 23 24
1 2 3 4 5 9 11 16 18 20 25
3 5 9 10 18 21 23 24 25
1 4 8 10 13 20
11 12 15 17 19 20 21 22 23
4 8 10 13 14
2 6 23
2 3 7 8 14 23
13 22 25
4 5 9 12 13 14 15 20 22
1 3 4 5 6 12 13 17 21 23 24
4 8 9 10
4 7 9 12 13 14 19
7 18 19 22 25
1 2 3 5 7 10 11 12 15 16 21 23 25
1 4 5 8 9 10 13 15 17 18 19 20 21 23
2 3 7 8 12 14 20 24 25
10 14 22 25
1 2 4 7 9 16 18 19 20 22
1 2 7 11 16 19 23 24
1 2 6 8 9 10 12 14 15 16 19 21
3 13 21 25
4 10 11 17 18 21 23
2 7 8 11 12 16 25
3 4 7 9 17 18 21 24
4 8 10 13 15 17 18
1 2 3 6 8 9 11 15 21 23 24
1 7 11 13 18 21 22 23
6 15 20 23 24
17 22 24
3 5 7 8 9 11 13 14 16 19 23 24
2 15 21
3 4 9 11 17
14 18 22 23
1 7 8 11 15
4 7 12 13 14 15 16 18 20 25
2 4 6 15 16 21
3 7 21 22 24
1 5 6 7 11 16 17 18 19
8 11 16 17 21 22 23 24
16 18 19 20
2 3 4 7 8 9 12 16 22 24 25
1 2 3 5 10 11 12 14 18 25
1 5 6 7 8 17 19 24
5 6 7 8 12 14 19 21
1 7 9 10 12 13 17 20
4 8 11 13 16 20 21
6 14 15 17
3 4 6 8 10 13 14 15 16 18 22 25
1 3 13 16 17 18
1 2 8 11 12 16 19 20 25
5 6 12 17 21 22
3 4 6 10 16 18 19 24
2 5 6 9 10 19 20 21 22 24
2 3 5 6 10 12 14 19 24
6 7 13 15 19 22
1 2 5 6 7 8 10 11 13 16 17 21 23 24
1 6 9 10 12 13 15 18 19 25
2 9 12 13 17 18 21 23
1 4 10 12 15 24
2 8 16 17 21 24
6 10 16 22 25
9 10 16 17 22 24 25
1 2 7 8 9 11 12 16 17 19 23
1 15 17 18 25
6 8 10 11 13 16 17 21 23 25
1 11 13 15 17 19 23
3 6 8 9 12 16 17 22 23
2 4 5 6 9 17 22 24
16 24
1 3 6 9 14 16 18 20
