6 14
16
5 8 9 14 15 17 25
3 21
11 14 16 19 22 24 25
3 6 9 16 18 25
22 24
6 10 12 13 17 22
12 18 21
2 21
9 10 20 24
2 12 24
13 23
6
2 3 6 13 22
6 7 15 22 23
3 7 15
2 8 9 12 14 15 16
13 17
5 7 17
2 4 6 8 11 25
9 11 12
9 17 19 20 22
5 6 13 18 23
3 9 10
8 14 25
9 14 16 20
2 3 6
2 13 25
5 17 18 24 25
8 19
1 8 9 11
4 13
4 5 7 9 25
6 15 18 19
14 15
2 6 8 11 14 18 21
3 20 24
13 15 16 25
1 20 21 23
9 11 13 15 16 17 22 25
4 5 15 16 17 23
2 17 22
2 4 14 20
13 21 24
9 22
1 5 21
4 8 9 11 12 22
7 13 16 20
17 20 23 24
9 10 11 12 20
4 6 12 16 21 25
2 14 23
11 18
9 11 14 20 23 25
3 5 7 11 14 19
12 15 16 23
13
3 13 19
2 9 10 13 25
2 13 15 21
1 16 25
3 14 18 23
5 18 19
1 4 7 15 23
1 2 3 8 9 19 22
5 14 16 18
2 8 16 19 21 25
2 9 10 11 16 25
8 9 10 18 20
5 6
1 10 14 17
1 8 21
6 10 11 13 17
14 23
9 21 22
2 3 7
1 3 9 25
11 22
23
5 13 20 21 25
11 12 17
15 16
8 21
6 15
8 11 14 16 22
8 19 25
11 17 18 21 23
1 2 12 21
4 15
16 19
23
1 2 3 7 8 10 17 23
11 12 17 19 21 22
4 13
4 6 11 21 22 23
6
20
10 17 20 24
7 10 17
1 12 19 23 25
5 13 14 15
4 16 19 24 25
6 15 16 18
4 12 13 14 20
6 8 13 14 23
6 15 18 21 25
2 3 6 8 10 11 14 16 19 23
9 23 25
10 16 22
2 6 21
18
2 3 14 23
2 4 7 12 18
3 6 7 9 12 18 23 25
13 22
2 14
2 7 10 13 19
11 13 15 19
3 17 19
13
3 23
1 10 13 14 17 18 21 22 23
1 7 18 19 22
2 4
6 7 9 11 21
7 19 22
2 3 10 11 13 15
3 7 23
1 7 21
4 11 15 17 22
17 18 22 23
24
2 7
1 6 25
17 23 25
5 11 14 15 16 18
10 17
20 21
4 13
13 22
1 5 10 11 12 14 15 22
4 8 14 17 18 22 25
1 11 19
12 20 22 24
11 13 14 15
5 7 14 16 20
3 7 15 18
7 18
7
2 3 12 23
11 12 20 21 22 24 25
4 23
8 19
3 7 12 13 23
5 13 17
8 10 12 22
2 24
2 3 5 14 15 21
1 17 22
1 7 17 21 25
11 22 23
12 18 20 25
20
21 22
3 6 7 10 14
17 20 23 24
5 19 24
2 12 13
15 20
6 11 12 16 20
2 5 17
5 9 13
8
1 4 8 11 12 15 18 20
2 4 9 11
1 5 12 14
3 7 13 17 23
16 20
2 8 17 23
13
7 10 14
16 22
5 6 7 14 19
4 5 12 19 25
10 14 18
4 18 21 25
6 10 21
14
5 9 12 21
18
11 12 15
8 18
3 9 13 16 24 25
1 19
6 23
23
11 13 14 25
1 3 4 8 9 14 15 19 21 23
14
