1 2 4 6 7 13 14 17 19 20 23
3 15 16
9 12 18 19 20 23 24 25
5 9 13 18 24
2 7 11 14 16 19 25
22
1 5 12 15 24
9 15 18
8 10 12
6 13 20
1 4 8 11
2 12 22
8 17
6 7 12 13 15 24
4 12 13 21 25
8 10 21 23 24
1 4 9 12 17 18 20
7 8 13 20 23
1 3 5 15
1 5 20 21
5 9 11 21
3 6 7 12 14 19 20 24
1 2 5 8 9 22 23 25
2 7 8 10 25
4 7 8 13 15 16 24
12 21
1 4 10 13 14 15 21 22
2 5 8 14 16 17 24
1 6 12 13 17 23
1 9 10 18 19 20 23 25
22
9 24 25
22
3 4 16 19
3 7 15 23
1 5 17 21 23 25
4 6 9 11 15 17 19 24
4 5 10 13 21 24 25
10 12 18 21 25
3 12 21
2 6 8 11 12 14 20 23
3 5 10 16 24
7 11 14 16 17 21
9 10 17 24
1 8 10 11 14 17 18 19 23
4 9 12 18 22 24 25
9 13 25
2 10 14 15 21
6 8 9 13 14 19
6 9 15 20 21
7 16 20 24
10 14
1 4 5 9 15 17 22
14 18 21
3 4 6 9 10 13 18 20 22 24 25
10 18 22 24
15 16 17 22 24
16 22 24
1 12
3 11 14 15 16 23
1 3 16 19 20 22 24
6 8 16 17 19 22 24
3 7 10 17
3 17 20 21
7 8 22
4 13 19
7 10 11 17 23 24
1 18 24
1 6 9 18 22 23 25
5 14 19
5 17 21 22 23
1 9 13 20 24
19 22
1 4 11 15 16 17 22 23
4 8 12 15 19 23
4 10 11 12 18 19 22 25
1 8 9 14 16 17 18 21 22
5 17 18 21
1 12 15 19
5 9 19 20 24
8 13 24
1 3 7 13 14 16 21
9 10 12 15 17
1 4 5 6 9
3 5 6 13 23
4 7 10 12 15 16 22
4 11 12 15 17 25
1 16 17 18 21
3 8 11 15 21 22
2 3 6 13 22
1 10
1 4 8 15
5 6
5 10 14 15
3 6 7 10 14 17 18 21 24
5 21
5 7 11 17 23
4 5 9 13 14 16 23
1 3 7 19
2 7
5 10 11 17 23
6 15 19 21 22
2 8 21 22 24
3 21 23
8 11 12 19 22
5 10 11 12 20 25
6 10 12 16 17
8 11 21 22 23 24
2 10 15 16 17 21 22
6 7 12 15 16 18 23
4 6 8 15 21 22 23 24
4 8 17
1 5 19 20 25
4 6 14 15 18 23
4 8 17 19 25
2 9 10 11 16 18 23
1 5 8 16 19 21
3 17 22
12 16
3 17 22 23
1 8 15 25
13 24
1 4 14 21 24
3 8 12 23
3 12 14 17 19 21 24
17 20
21
9 17
3 5 8 12
2 7 13 16 17
2 8 12 14 15
3 7 8 12 15 19 23
3 7 13 14 20 21
2 8 11 16 17 25
1 13 25
10 21
7 8 10 17
5 9 12 14 19
2 9 12 21
7 11 16 18
7 9 14 17
1 3 4 16 23
12 14 15 16 20
1 3 6 10 16 20 21
9 13 14 15 16 18 21
6 9 12 18 21 23
7 11 23 25
8 12 14 15 18 24 25
1 6 8 11 16
1 2 8 15 16 21 23 24
5 6 10 14 18 23
5 6 10 18 19 20 22
13 17 22 25
9 14 16 17 19 20 25
2 5 8 15 20
1 8 12 25
1 2 3 17 20
2 8 14
13 25
2 4 14 19
3 14 15 18 20 23 25
1 5 6 7 13
1 2 5 14 18 20 23
8 12 15 16
3 7 8 12 15 18 19 24
4 11 14 15 20 22
11 15 22
12 19
1 2 23
2 4 5 7 12
8 10 12 13 22 24
2 3 10 18 20 21 22 23 24
5 14 15 24
2 5 8 13 14 21 22
6 11 12 13 18 19 20 23 24
19 20
12 23
3 4 5 7 16 23
2 6 25
2 19
3 4 8 10 15
2 6 11 14 16 18 19 25
17 19
3 5 7 10 24
1 13 22 25
3 11 12 13 15 16 23
1 3 6 13 21
3 4 5 6 8 9 10 13 16 21
6 17 21
4 7 8 16
1 2 11 17 22
6 8 14 23
1 2 5 10 12 17
1 10 13 16 22
4 9 24 25
1 11 15 24
14 19 21 24
5 6 8 11 18 23
3 22
1 3 4 6 7 10 11 22 23
