7
12
1 14 23
2 13 15 23
10 19
2 3 8 9 17 25
9
7 8
5 23
2 14
20
4 12 18 23 24
17 25
21 23
3 6 22
3 6 11
25
7 16 25
5 23
4 6 9 12 17 25
21
14 18 22
1 12 23 25
14 16 23
1 9 20
23
12 19 22
1 4 5 24
1 4 7 8 13 24
12 15 17 22 23
14
3 7 13
12
4 13 17
10 12
1 5 7 24
3 16
1 2 6
3 4 8 10 21
5 11 18
13 20
5 12 22 24
7 21 23 24
2 17
1 10 19 20 21 24
3 6
8
1 4 10 23
1 11 15 18 20
1 11
8 11 16 19
23 24 25
3 6 9 20
8
3 20
6 12 13 14 19
6 13 16
1 4 22
1 4 6 16
2 3 5 6 22
3 9 12
4 15 22
25
22
4 11 13 14 16
2 3 6 9 16 23
5
10 19 24
13
9 10 18
10 14 25
2 5 9 21
2 10
19 20
1 2 4 11 21
1 5 12
14 15
12 16 22
10 13 15 22
12 15 17 25
5 9
14
3 21
9 17 20 24
2 3 20 21 22 25
16 19 22
3 10
6 8 10
5 15 24
5 13 17 18 21 23
13 15 21 23
1 10 24 25
2 6 25
3
3 6 19
3 8 15 17
21
4 7 8 14 24
3 18
9
14 20 21 24 25
4 15 17
2 7 11 19
4 5 16
6
2 21 24
8 16
21 22
15
11 19 24
8 10 13 14
3 15
22
3 13 17 20
16 19 20
15 17 19 24
18
5 25
3 5
1 3 12 14 15 22 25
1 9 16 25
3 10 11
15
6 7 12 24 25
25
18
7 16 17
21
22
14 23
4 6
22 25
17 19
18
18 21 23
22
10 17
15 17
13
2 6
4 5 7 23 24
1 2 11 18 21
1 5 6 10 19 24
24
1 2
2 7 9 14 21
9 13 14
1 11 12 21 25
17
11 14
1 11
3 12 13 16
16 24 25
3 5 10 12
8 16 25
4 10
4 18 24
21
2 15
1 2 14 17
10 23
18
17 22
6
5
2 12 24
13 19
4 16 25
5
6 25
1 21
7 22
18
3 24
17 24
8 12
1 5 14
7 19 25
14
6 7 12 20
11 18
11
22 23 25
6 11 23
13
6 7 8
7 9 11 12 13 16 24
3 18 20 21
16 22 25
5
4 11 13 19 23
1 4 7 23
24
6 15
8 10 18 23
2 22
19 23
6 23
1 11 24
9 19
