7 10
1 23
17
25
24
7 22
8 17
25
1 15 23
11
22
1 16
18
7 10
2 15
1 7
11
25
12
24
5
2 22
10 20
7 16
23
8 19
5 14 16
25
7 17
19
6 7 24
21 23
24
11
16 17 25
11
1 17
17
19 22
7 14 16
11 14 16 24
23
1
5 10
23
7 10 16
8 25
20
14 16 17
9
14 17
1 6 9
1 18
14
15
3
17
18
9 24
4 7 8 10
4 11 21
7 12
12 13
19
5 6 9 22
3 20
2
23
9
3
11 15
4 13
7 8
9 23
13
19
23
22
15 24
15
18
13
19
3
12
3
20
7
15
12
4 19
17 22
8
14
14
5
7
4 10 21
2 9 12 22
3 8 16
3 12 18 23
20
2 3 19
14 17
8
11 19
7
21
23
2 8 10
14
2 3 7 11
18 25
8 10
12 13
24
20
2 8 14
4 6 9 14 20 24
14
3 6 14
25
5 13 14 18
14 21 25
19 21 25
5
13 14 20
19
5 14
5
8
8
22
1 13
14 23
17 21
5
20
1 13 18 21
21
22
5 19
20 23
1 11 17 19
15
9 10
13
14
6 16 23
20
7
9 17 20
14
3
15
17 24
24
8
5 23
1
11 15
1
13
2
17
22
11
6
10
6 16
3 17
7
19
6 13
8 10 13
10 18 24
17 20
10
19 24
12
18
1 18
5 23
6 25
2 16 18 24
24
10 11
1 24
2 12 13 22
21
1 12
16
22
10
5
3 18
3 5 13 18
1
19
13 15 22
