7 17 21
2 9 16 21 24
14 22
14 15
6 12 21 22
7
3 17 21
4 15
12 13 23
2 15
3 6 15
1 8 11
3 4 22
5
4 10 11
4 7
19 25
9 16 21
1 4 10 23
21
23
7
24
10 14
18
6 8 13
16
21 24
6 18
12
3 12 13
22
2 6
18 21 22 23
3 11
14 19 22
11 20
18
8 10
16 19 20 22 24
12
8 18 19 25
1 3 19
1 4 16
3 16 17 24
12 18 20
3 12
17
4 7 22
8
17
1 3 20
13 17 19 21
3 20 24 25
2 3 8 10 12 14
4 13 19
8 12 15 17 20
4 10
9 12 23 24
5 11 14 18
9 14 16
19 20
8 10 12
5 8 9 15 18 25
13 14 20
8 9 13 16 20 21 25
7 24
7 15
12 17
4
4 5 8 10 16 25
12 19
24
4 6 20
23
8 20
5 17
2 8 19
5 15
8 15
1 12 13 19
13 15 17 18
1 17 23 24
4 14 21
2 3 5
19 23
8 11 19
8 12 23
1 2 5 20
6 23
14
16 18 22 25
1 5 10 12 15
5 14
5
11 13 21 22
3
11 12 24
3 13
3 4 5 13 23
9
11 19
1 10 15 17
24
2 22 25
7 11 13 23
12 15 18 19 25
10 18
1 10 12 21
4 15 21
18 19 22
4
7 24
15 17
9 15 21 22
2 10
7 12
2 3 15 17
2 18 21 25
2 21
4 22
4 16 23
2 6 11 13 15 25
16 24
5 14 21
3 14 15 21 23
16
4 18 23
9 11
17 25
1 19 20
9 13 16
1 3 7
20
16 17
1 2 4 19
2 7 9 12
4 11 25
1 3 7 8 12 14 15
21
7
4 10
2 14
4 8 10 17
3 5 6 8
23
11
5 20 23
15 22
4 18 19 22 24
6 24
5 19
20
11 17 25
10 14 17
4 11 24
7 11 20 21
3 17 18 19
1 24
12
2 4 16
21
10 13 20 22
4 8 25
23
3 5 9 10 24 25
24
8 16
18
6 8 22 24
1 24
6
19 20
3 13
2
8
14 24
18
1 4 17
4 9 13 24
4 7
11 16 23
1
7 17
3
5 7
19
3 5 8 25
17 18 19
2 11 20 23
2 3 8 14 21
6 9 14 24
15
2 3 5
15
2 17
17
3 9 16 19 23
21
5 9 17
