1 5 7 9 13 14
2 9 15 22
2 6 14
2 6 7 12 15 20 22 23 25
2 3 10 14 16 19 20
1 18 19
6 12 13 16 18 20
2 3 15 16
1 21
3 5 12 13 17
7
8
9 10 14 15
4 7 12 14 22
1 14
1 6 7
4 5 6 13 21 23 24
11 12 20 25
5 9 18
5 10 17 18
6 9 10 12 17 18 21 23 24
9 19
1 5 12 19 21
10 11 16 20 23 25
5 18
21 24 25
6 9 14 16 22 24
5 6 8 17 21
4 5 9 10 21 24
4 5 8 11 19 21
7
3 4 5 14 15 18 20 21
2 4 5 10 11
1 2
6 9 11 12 13 14 20
2 3 4 7 11 18 23
17 20 25
1 2 4 6 11 13 16 20 25
15 17 21 22
1 6 7 16 19
4 5 6 8 12 19 21 22 25
12 13 14 15
7 12 15 18
7 8 9 11 16 17 20 23
5 9 11 13 15 17 23
3 8 13 15 17
1 6 7 10 12 17 20
7 12 20 22 25
2 3 6 17 18 24
1 3 4 5 8 9 10 14 17 22
3 4 6 14 15 24
1 5 6 13 20
8 11 15
1 2 4 10 18 24
2 8 15 20 21 25
10 17
4 10 12 19 21 22 25
1 2 3 4 10 16 25
1 5 7 8 17 19 23
11 16 20
5 7 10 11 18 24 25
2 3 8 11 13 17 18 19 22 23
3 9 15 19
6 7 11 17 18 19
2 4 11 12 14 18 20 22 24
1 11 20 25
10 15 25
13 21
5 6 12 17 19 20
3 6 14 22
1 5 6 12 14 17
5 8 9 16 17 18
5 8 10 12
1 12 16 19
5 7 10 18 22 24 25
4 5 6 8 12 13
3
1 4 12 17 20 22
12 22
18 21
13 15 25
1 3 18 21
1 12 14 24
2 3 10 14 21
3 14 15 16 21 23
5 6 10 15 18 20
11 14 15 19 22
4 9 20
4 8 10 11 17 20 21 22
2 4 6 10 11 13 18 19 20 23
9 13 14 21
2 11 24
4 9 17 19
4 11 14
1 10 12 13 21 22 23 24
17 19 24
1 15 16 21
7 14 15 17
7 8 13 15 16 21 22 24
8 14 17 24
2 8 11 13
5 13 14 15 16 18
1 3 8 24
5 12 15
3 6 8 13 15 16 19 23
9 24
2 8 21
4 5 15 16
15 16 18
6 9 12 13 22 25
5 8 15 16 20 25
9 15 16 18 19 21
1 6 7 12 25
3 9 10 11 12 13 14 17
1 10 11 22 24
3 8 9 13 22 23
1 3 6 8 13 21
3 4 5 9 17 24
2 6 8 13 18 21 24 25
14 20 21 22
1 2 3 4 6 9 14
3 5 11 16 24 25
11 15 17 18 24 25
1 4 5 6 18 25
5 6 7 8 15 21 23 24 25
2 5 22
8 10 13 18 21
13 15 18
2 14 16 23
1 3 4 9 13 16
3 4 5 18 21 23 24 25
12 18 21 23
4 15
5 6
3 9
14 15 25
3 11 19 22
5 7 10 12
3 8 14 15 16
7 8 14 22
1 3 7 8 9 16 22
1 3 8 10 15 16
4 10 16
5 7 8 11 13 16 17
2 5 19 23 25
3 4 8 14 15 16 17 21
8 12 17 18 21 24
7 12 14 17 19 22
1 3 4 15
10 11 16 19 25
2 3 13 14 15 16
8 11 15 17 18
2 6 11 19
5 9 12 16
4 16 17 24
13 15
2 6 7 12 16 20 21 25
16 18
3 7 8 9 11 21 24
1 11 19 21
8 9 16 19 20 22
3 5 7 12 13 17 24 25
2 7 18 24
3 9 11 18
8 11
2 3 13 14 15 16
2 6 10 11 17 18
1 4 7 9 10 14 16 23 25
2 6 7 10 12 18 20 22 24
2 4 6 7 9 10 12 13 18
5 6 23 25
1 3 9 17 23
3 6 12 21 23
2 5 6 21
4 19
4 6 13 25
3 4 5 6 10 18 21
2 5 19 20 22 24 25
2 7 20 24
4 8 19 24 25
2 5 12 24
3 8 16 25
13 16 23
1 4 7 8
4 12 17 19
6 7 16 17
1 3 4 5 9 12 19
9 24 25
3 4 11 17 18 25
3 6 7 10 12 15 19 20
6 8 10 21
2 7 12 15 16 23
10 11 14 17
11 12 19 21
6 9 11 15 18 19
1 7 14 23 24
16 17 21
2 4 13 16
11 15 18 24
2 12 18 19 21 23
