4 9 13 16 17 18
1 2 3 5 6 9 11 13 14 16 17 22 23 25
1 3 4 5 6 7 8 17
2 11 19 25
12 18 23 24 25
3 6 13 15 18 19 22
3 7 8 9 11 12 15 17 18 19 20 25
3 6 8 9 10 11 19 23
1 6 11 16 19 20 23
1 6 9 12 13 16 19 20 21 24
2 6 9 11 13 14 15 23 24
12 13 14 15 22 24
1 2 7 11 16 17 19 21 23
1 5 8 9 13 18 19 22 23
1 7 13 15 17 19 25
1 5 7 10 16 18 23
1 3 6 11 12 20 23
6 7 8 20 22 23
7 11 17 19 23
3 5 12 13 15 16 18 19
10 13 14 15 18 19 20
10 23
1 2 5 6 12 16 17 18
1 4 5 8 9 10 13 16 18 20 22
4 5 18 19 20 21 22
2 5 7 12 19
2 6 10 11 13 19 21 24
6 8 11 17 20 22
6 13 15 19 23
5 6 8 9 10 16 17 19 20 22
12 13 14 19 21 22
1 3 4 5 6 7 10 17 21
2 3 16 20 23 24
3 4 9 11 15 23
1 6 8 11 13 15 16 17 18 19 21 24 25
6 7 9 15 19 23 25
1 3 13 17 18 19 23
4 5 13 18 19 21 23
1 2 3 9 10 11 14 16 22 23 25
3 7 8 9 10 15 17 18 19 22
6 8 10 14 15 21 25
2 3 7 8 11 14 17 19 21 22 25
7 11 13 15 16 18 20 22 24
2 5 6 9 17 20 21 23
3 14 16 17 20 24
3 4 5 6 8 10 12 15 17 20
9 13 16 20 22 23
6 11
7 8 10 13 14 16 19 22
3 11 14 19 20 21 25
1 2 3 4 13 16 18 22 23
1 3 6 7 14 21 23 24
4 5 8 10 12 13 15 18 19 20 21 23
2 4 8 14 20 23
1 2 3 10 12 15 18 20 23
1 4 6 9 10 11 13 19 20 22 25
2 19 22 23 25
2 5 13 14 16 23 24
1 5 7 12 13 18 19 20 25
3 4 8 12 15 17 22 23
21 22 24
2 10 13 22 25
2 8 11 14 16 17 20 22
1 5 10 19 23 25
2 5 12 13 16 22 25
1 2 5 10 12 21 22 24
1 2 8 9 12 17 18 20 21
2 3 5 6 8 10 13 14 15 22 25
1 2 3 8 12 16 18 21 22 23 24
2 3 4 8 25
3 5 6 7 9 15 23
2 9 11 15 16 17 23 24
2 4 5 6 8 10 12 14 16 17 19 23
1 2 6 10 12 15 23
6 7 9 12 14 16 19 20 24
1 6 8 15
2 9 11 16 19 22 24
12 22
3 4 5 10 12 15 16 17 18 24
1 5 7 11 15 25
1 3 4 6 22 24
3 5 9 10 14 15 16 18 20
2 3 8 11 16 19 22 25
8 9 17 18
3 4 9 10 11 14 15 16 18 24 25
1 2 3 9 10 14 16 23
1 2 17 18 22 23 25
1 2 10 11 13 15 16 17 19 25
8 10 11 18 21 23 24
1 2 3 5 8 10 12 13 14 21 23
4 10 13 15 16 21 22 24 25
1 11 13 18 19 20 21 23
4 9 14 15 20 24
10 11 13 15 19
1 2 5 10 14 20
5 9 10 16 21 23 24
3 4 17 19 21
6 9 10 11 12 15 21 24 25
1 5 15 16 17 18 20 21 22
2 5 15 17 19 23
8 9 14 15 21
1 10 14 15 20
1 2 8 9 22 23 24 25
2 3 7 10 11 14 18 20 23
6 10 14 15 20 21
1 2 4 8 12 15 25
1 3 5 9 14 15 16 22
1 9 10 13 14
1 8 10 20 23 24
13 15 16 23 25
2 5 6 7 9 10 11 14 15 16
2 5 7 15 19 24 25
4 6 13 20 21 22
4 6 7 9 16 20 21 24
4 5 12 13 14 18 19
6 7 8 10 13 24 25
4 10 20
7 9 10 12 15 21
2 9 11 15 16 17 21 25
1 3 7 10 17 25
1 2 6 10 12
3 7 8 10 13 14 17 20 22 25
7 9 10 12 13 15 19
1 4 8 14 17 19 23 24
7 8 9 11 15 16 19
7 9 14 15 17
1 6 8 12 16 18 21
2 4 7 9 14 15 16 21 24
3 6 10 12 17 21 24 25
4 11 12 14 16 17 20 22
2 3 5 6 7 10 11 12 13 14 20 21 23 24 25
4 7 10 11 13 17 19
6 10 13 14 18 20 25
6 7 8 9 14 15 18 20 25
1 10 12 13 14 17 20 23 24
3 10 12 20
17 18 21 23
1 7 11 16 17 20
8 12 15 16 19 25
1 3 6 7 9 16 19 24
2 3 17 21 25
2 6 9 12 13 16 17 19 21 22
4 6 10 11 12 14 18 23 24
5 8 10 11 16 17 23
2 8 9 10 13 18 20 23
2 6 8 10 11 12 13 15 19 23
5 7 8 12 15 17
2 6 7 15 16 20
1 2 3 4 9 10 12 18 23
1 5 6 11 17 22 23
11 17 18 21 24
11 13 15 17 19 20
1 4 12 14 16 17 18 19 25
6 13 15 19 24
3 5 6 11 15 21 22 24
2 7 8 9 10 19 21 22 24
5 8 12 14 18 22
18 23 25
1 5 7 16 22 24
14 15 17 21
4 5 9 10 13 17 24 25
5 10 12 20 22 23 24 25
2 5 10 13 14 16 17 18 19 21 25
3 4 6 7 9 10 17 18 19 20
2 7 10 17
1 2 12 19 21
1 2 3 8 10 15 16 19 23 25
7 9 14 15 18 19 20 21
2 4 6 7 10 12 17 22 24 25
6 9 15 18 19 20 24
2 3 5 8 10
1 4 7 8 9 12 22 24
2 3 9 10 11 14 21 24
1 8 14 16 17 20 24 25
6 8 9 10 11 13 14 25
2 3 11 12 13 16 19 20
1 2 4 8 10 11 15 16 22 25
17
2 3 4 10
1 3 5 7 9 11 16
6 8 9 11 13 16 19 23
2 6 9 22 23 25
6 7 11 12 14 20 22
3 13 15 16 21 22 25
10 16 19 21 23
4 6 8 13 15 17 18 19 21 23 24
5 8 10 12 16 17 24
2 3 12 13 18 19 24
4 7 8 9 11 12 13 14 15 17 18 22 25
5 7 8 18 22 25
1 5 6 10 17 23 24 25
19 21 23
3 17 24 25
3 8 10 14 15 18 20 22
1 2 4 5 7 10 11 16 18 21
6 10 11 15 19 25
13 15 21 22 23
2 3 5 8 9 17 19 20 23 24
2 6 8 9 13 16 17 25
10 22 23
