3 10 18
15 18 25
1 8 19
2 4 8 22 24
15
4 6 11 15 18 21 22
4 9 12 14 16 19 24
5 12 16 18 22
7 15 17
2 6 14 15 16 18
7 12 17 18 19 21
1 6 15 17
7 10 15 16 17 21 23
1 12
8 11 12 18
2 11 13 16 23
11 13 15
13 17 20 23
5 13 19
16 25
4 12 15
3 7 20
12
2 4 5 15 17 18 20
1 6 13 17 20 21 25
3 7 10 20 21 22 25
1 9 13 17 19 21 25
1 6 21 23
15
2 11 21
6 9 19
1 6 17 20 25
2 11 12 15 24
2 15 16 17 21
22 25
17
7
3 4 7 12
3 10
20 23 24
16 20 23 24
10 11 21
6 20 22
4 11 20 25
1 2 16 17 20
1 4 11 16 19
3 10 19
2 5 6 10
8 10 13 16 18 19
4 9 11
1 7 9
10 15 17
16 24
2 11 19 25
4 8 22
3 16 20
2 21 23 25
1 7 19
1 23
13 22 23
19 23
1 2 3 8 13
5 11 21
2 3 9 20 22
8
9 25
7 18
1 4 6 25
2 4
3 13 20 23
9 13 25
7
6
5 15
1 5 10
8 11
7 11 25
1 24
1 6 7 18 25
4 8 9 10 13 14 21
7 11 12 13 16 19
2 7 8 10 15 20 21 23
1 7 8 14 15 22
7 8 9 14 25
1 8 13
7 15 19 20 21 25
7 19
5 14 16 22 23
7 8 25
11 13 17 20
1 3 25
23 24
13 14 25
14 15 20 25
1 12 17
2 5 9 18 19 21 24
2 3 9 18 22
5 10 11 21
2 13 18
2 10 12
3 18 20 21 24
9 20
2 11 18 21
19 23
3 4 7 10 15 18 24
9 10 19
3 12 13 17
11 19 24
16 19
1 9 17 18 19 20
1 11 19 25
3 7 12 14 15 17 22 23
1 11 17 18 22
20
3 4 12 24
8 9 16 25
3 23
1 8 10
3 6 7 13 15 21
8 21 23
10 14 21
1 2 7 9 14 17
7 24
4 7 11 12 23 25
6 8 9 10 14 16 21 22 23 25
14 16 23 24
1 6 9 10 15 21
3 5 13
2 10 17 19 20
19
5 9 10 12 13 15 18 25
11
4 7 11 15 18 24
6 9 13 18 21
3 13
11
21
1 7
4 16 19 20
7 15 22 23
2 9 16
7 12 19 23
2 15 16 20
8 25
12 14 15 25
1 7 23 25
10 11 13
6 18 25
3 9 10 12
11 12 14 15 20 23
3 9 16 18 19 24
12 13 20 25
6 11 22
12 17 19 22 24 25
3 6 11 15
4 12 16 23
1 5 12 17 18 23 25
1 3 9 16 17 18
3 9 12 13 16 23
1 6 19 22
5 8 9 20 23
10 14
16 21
1 15
8 9 12 14 22
9 10 14 21 22
8 21 25
1 3 5 9 14 23
4 6 12 14 15 18 20
14 18
7 8 16 23 25
5 8 10 14 23 25
3 5 13 17 25
20 25
7 9 21
2 13 14 20 22
4 7 8 16 24
1 9 14 18
4 16
4 16 22
12 22
3 13 21 24 25
1 11 12 14 21
7 12 16 24
8 13 22
4 6 11 18 24
17 22
3 19
5 7 10 21 22
6 9 14 17 20
2 6 13 21
2 4 16 24
12 15
6 8
1 4 6 13 14
2 3 18
5 20
3 5 6 7 14 16 19 24
1 4 7 24
3 5 8 10 20
