3 5 6 10 13 17 25
8 10 12 15 16 18 20
2 5 14 24
6 8 10 14 25
10 11 12 17 18 22
1 2 18 22 24 25
1 2 3 8 11 16 25
2 9 11 12 13 14 25
7 13 15 17
1 7 9 10 17
1 3 9 16 19 20
7 8 9 16
3 11 12 14 15 24
7 10 11 15 17 18 19 25
5 9 15
4 9 12 17 19 21 25
1 2 11 16 18 23
8 9 19 22 24
1 14 16 17 19 21 25
1 2 3 7 13 14 16 18 20 22 25
1 2 6 8 10 23
1 2 10 11 18 19 21
16 21 25
6 7 14 16 18 19 21 25
12 18 24
1 9 12 15 18 20
10 16 19 22 23 24
14 24
4 6 10 21
8 15 16 23 24
12 14 18 20
7 9 14 15 21
5 6 15 19 20 24
2 4 6 7 10 12 23
5 7 15 21 22 23
7 9 10 11
7 10 12 15 17 24
2 6 7 10 14 15 17 20
2 4 7 8 9
4 8 10 12 13 14 17 22 23 25
2 10 11 22 25
1 4 9 13 14 15 22 23
3 5 6 12 18 19 20 23
2 14 17
4 7 11 14 19 20 24
12 13 14 15 21
11 16 20 25
4 12 19 21 25
18 20 21 23
6 7 10 12 14 16 18
2 9 12
2 4 5 6 7 10 11 13 16 21 22
3 4 14 16 25
1 14 20 22 25
10 18 19 21 23 24
5 9 10 14 24
5 6 7 8 11 13 18 21 22
2 7 11 13 14 19 22 25
2 3 7 12 21
3 8 12 16 18 19 21 22
1 6 15 20 21 22 25
5 9 13 15 19 21 24 25
8 12 13 15 16 21
8 11 19 21 24
7 9 11 18 21 25
3 9 10 15 25
4 6 7 8 11 12 14 20 21 22
1 3 6 8 10 15 19 21
4 6 7 10 15 16 24
9
2 6 9 15 16 20
1 5 11 13 15 16 17
4 8 10 12 19 23 24 25
9 10 12 15 18 20 21 22 23
5 8 11 20 22
4 6 7 8 9 12 14 20
1 2 5 12 14 17 21 22
5 7 8 13 14 15 17 18 19 24
5 12 13 14 17 22 24
2 7 8 15 17 21 23
1 2 3 7 8 11 12 16 20 24
1 4 9 19 20 22
7 9 22 23
5 9 11 16 17 21
4 8 13 14 16 18 20 22 25
6 10 14
2 7 8 11 13 18 24
1 5 7 11 12 19 24 25
2 3 4 7 9 19
10 12 15 18 22 23 25
3 12 15 17 19 23 24
3 4 7 11 17 19
2 7 10 11 16 17 19 20 24
3 5 6 7 13 15 19 22 24 25
5 9 10 12 19
3 7 8 9 10 16 22
3 12 13 14 23 24 25
1 15 16 25
4 9 15 24
2 7 12 18
3 8 13 15 18 24 25
2 5 9 18 19 24 25
4 7 12 18 22
2 3 5 6 8 15
5 6 7 18 20 21
2 4 8 11 13 15 18
3 4 8 12 17 20 21
4 8 14 21
2 6 8 15 17 19 24
1 2 4 7 14 17 21 22 25
3 11 17
1 9 14 15 19 21 24
3 8 13 19 20 23
3 4 8 9 10 12 17 19 23
6 9 11 12 14 15 16 22
2 6 12 18 25
1 5 6 10 13 15 16
6 8 9 13 15 20
1 5 15 16 21 23
2 11 13 20
5 11 14 24
3 4 7 15 22
3 7 8 9 13 16 17 20 21 25
2 9 13 15 19 20
4 7 16 21
3 4 8 15 19 22 24 25
9 14 21 22
1 2 7 9 21
4 5 13 14 19 24
3 5 10 15 17 23
4 16 17 18
12 14 18 20
2 5 6 8 10 14 19
5 7 9 10 14 18
3 4 7 9 10 12 15 19 21 23 24
7 21 24 25
2 4 6 11 16 19 21
4 8 19 20 25
4 5 12 23
1 15 17 18
3 5 8 9 14 16 17 25
1 2 4 5 7 13 18
5 10 13 14 16 19 21
5 6 20 25
4 5 9 14 15 16 20 25
3 6 17 21 25
5 7 12 13 15 22
2 10 11 13
1 6 9 19
6 9 10 11 25
5 6 8 14 15 16 18 24
2 6 11 12 17 21 23 24
3 5 17 20 21 25
5 12 15 16 17 18 25
13 16 17 23
3 4 11 12 18 24 25
5 11 17 22 23 24
3 7 8 14 16 20 25
3 5 7 13 14 20 22
2 8 13 19 21 22 23 25
2 4 11 18 19 22
4 12 17 21
2 7 11 12 16 19
3 4 7 14 16 18 19 25
1 3 5 8 13 14 15 19 23
4 6 20 21 23
2 3 10 13 17
1 3 4 13 20 21 22 24 25
3 8 11 12 14 20
3 4 5 12 15 22
2 3 7 19 25
3 7 11 23
1 2 4 5 15 16 21
7 18 19 21 22 23
7 11 21 22 23
5 16 17 21
2 7 10 22 24
1 3 5 14 15 23
6 8 10 11 21 25
4 10 13
14 15 17 22
12 14 15 18
9 15 17 21 22 24 25
4 12 18 23 25
10 12 15 18 20 24
1 4 13 14 20 24 25
2 14 22
5 7 8 11 16 19 23 25
8 14 15 20 24 25
4 5 6 7 16 17 20 22 23
8 10 12 13 16 19 24
1 3 6 9 10 11 12 16 17 21
11 15 20 22 25
6 9 11 19 21 24
2 4 14 18 20 21
7 12 17 18 23
5 7 8 10 12 18 25
1 2 6 8 9 14 17
5 9 12 20 22 23 24
3 4 5 8 21 23
