17
20
4 6 18
23
15
9
21
20
18 20 24
15
14
23
10 20
20
6 16
10 25
6 7 8
4
2
12 24
5 25
23
1 19 22
22
4
2 9 16
19
11
7
9
8 15
7 24
14 15
23
10 23 24
15 21
23
7 10 19
11
3 23
1 21
1 2 24
23 25
17
17
4
1 3 8 15
18
2 3 21
6 18
9 15
10
3
11
20 22
17
19
17 23
3
10 17
16
3 9 15 16 18
22
7 15
15 17
9
4 8
16 22
2
5 6
6 9 24
16
12
21
4
19 23
6
10
11
4 5 6
4 6 8 16
4
5 24
18 25
17 20 25
8
22
4
19
4 9 19
18
5 7 21
3 8 9
8
24
15
13
5 7
20 23
11
8
3
10
11 25
9
5 12 22
1 24
21
22
5 23
12 15 18
13 22
6 18
9
5 23
19
11 16 21
6
20
12
6 12
6
9 11 15
4
5
1
15
2
17 20
17
9
21
12
14 23
8 13
2 5 24
23
2 4 19 23
16
7 17
9 19
15
10 13 16
3 16
12
5 7
6
12
25
20
1
20
4 7
4
13
14 20 25
22
1
25
9 11 14
2 9
16 17 20 24
16
10
3 16
17
21
4 19 25
5 15
23
11
9 13 21
10 19
11 18
20
18 21 25
5
6
1 11
18 21
4 8 14
20 25
14 17 24
13
4
4 22
5 10 21
10 18
11 16
21
14
12
11 25
17
1 5
14 20
4 9 18
3 7
2
11 19
