17
7 12
21
5 8 14
5 11 16
6 9 19 22
7 8 22
6 9 17 22 25
8 9 24 25
8 23
8
12
16
7 8
24
3 11 14 16 18
5 11
13 14 16 20 21 23
5 16 21
11
17
3 7
16
1 23
1 8
10
3 20 24
23 25
3 7 8 17 23
16 25
11 20
15
7 10
8 11 19
10 18 20
3 4 23 24
15 20 23
1 6
18 21
12 20 22
16 21
11
5 10 13 24
20 23 25
11 23
4 12 21 23
19 21
11
8 18
4 6 17 18 24
6 12 16 17
2 8 10 12
2 4 7
13 19
7 19
3 15 24
10
18 21
3 10
10 14
1 14 19 21
19
14 20
5
3 4 8
3 15
7 15
4 22
1 7 18
1 8 15 18 20
15
3 11
7 21
3 7 11 15 16
25
1 9 25
8 17
1 3
14 22
2 3 10
9 14 18 22 23
8 19 24
1 15 18
5 6 16
25
11 14 15 16
11 14
5 13 20
3 14
6 21
11 14 15 20 22 23
2 7 13
6 11 20
8 17 22
3
2 11
3 14
6 16
3 9
12
6 11 24
15 18 20 22 25
10 12 22
25
1 9 22 25
6 22 24
4 11 12 18 20 25
2 6 9 15
10
8 10 23
22
1 11 14
1 8 20 23
4 6 11 24
21
8 12 18
3 16
6 9
7 19
1 11 22 23
12 14 15 17
5 21
3
5 10 13
5 8 11 18 19 21 23
2 8 22
4 5 22
25
4 15
13
2 3 7 13 19
1 5 10 17
3 18
7 10
11
3
4 8 17 23 24
7 21
10
4 25
17 19
22
7 19 21 22
3
2 7 13 23
2 7 24
7 8 19 23
22 23
16 17 18 19 22
3 13 15 21 22
18
9
8
9 15 20
6 19
4 7
8
4 14
8 12 18 25
3 24 25
8 16 17 21 22 25
2 8 9 15 19 24 25
4 11 12
2 4 18 22
1 6 10 12 17 20
5 17
5 21 25
5 19
11 23
3 7 9 11 14
14 17 18 21
6 10 17 23
10 15
7 14 19 22
5 14 17
1 13 15 18
8 20
4
10
6 10 17 19
4 8 17
6 20
11 15
4 25
2 5 13
4 10 11 13 24
7 14 16
1 12 20
1 24
4 7 12
4 20
17 19
3 16 19
2 4
8 25
5 12 17 20
13 14 22
5
24
4 23
