3 4 9 12 15 17 22 23
4 8 13 16 18 20 25
4 10 17 19 20 21 23 24 25
2 7 23 25
1 4 7 10 11 13 15 16 19 20 22
1 4 8 10 15 16 18 20 24
6 7 12 13 14 16 22 23 25
5 6 9 10 17 22
2 4 8 17 18 22 24 25
2 3 5 10 11 16
4 7 8 11 13
7 8 12 15 17 25
8 10 17 19 24
4 5 14 19 23
1 3 7 13 16 17 18 19 20 21
4 6 10 12 18 21
7 14 18 21
1 3 4 5 9 10 12 14 15 17 18 20 22
1 2 3 20 22 24
1 2 3 4 5 8 10 16 17 18 19 23
2 4 9 11 13 22 24
4 10 14 19 20 22 25
3 4 6 7 8 9 10 11 21 25
3 17 20
5 6 7 20 23
2 6 7 8 11 13 14 15 19 21
1 2 4 5 9 12 13 16 23
6 7 12 22 24 25
1 4 7 8 13 15 17
4 5 7 8 10 11 13 15 18 19 23 24
3 6 7 15 17 18 20 21
5 6 10 11 16 18 19 20 24
2 9 15 17 19 22
5 8 9 10 14 20 22 24
1 2 5 6 10 11 20 21 22
1 3 4 10 12 13 18 23
5 12 13 20 22 25
2 5 7 11 12 16
3 17 18 23 24
5 8 9 12 14 15 19
1 6 11 20 22 23 24
4 5 6 8 9 10 17 18 21 22 24
4 6 9 11 15 18 19
5 10 12 14 15 16 18 19 21 23 24 25
5 6 7 14 16 19 22 23
2 3 8 16 23
1 4 6 9 10 11 12 14 16 19 21 23
3 4 6 9 11 20
5 8 9 13 20 22
7 9 12 20 21
5 9 12 13 16 18 21 24 25
2 6 11 14 17 24
1 2 4 7 9 10 20 22
4 6 14 15 18 19 21 24 25
3 7 8 9 17 18 19 21
1 2 8 9 10 17 20 21 22 23
1 5 6 8 12 13 19 21
1 2 3 6 10 11 12 14 16 18 19 23 25
1 3 5 7 11 12 13 18 20 23
2 3 4 6 7 9 13 20 21 22
2 6 8 9 10 13 15 22 23
1 3 7 10 14 15 16 18 20
2 4 6 24
3 9 11 15 17 21 23
1 7 15 16 18 24
1 3 4 6 17 19 23
1 4 5 10 11 14 15 19 23
1 10 11 16 18 21 23
1 4 6 7 12 15
6 7 9 11 12 14 15 18
1 2 9 11 17 19 20 25
12 17 18 20 21 24 25
5 6 9 14 19 20
4 6 7 8 10 12 14
2 3 9 12 17 18
4 6 8 11 12 13 17 19 20 21 22 25
2 7 8 10 12 14 17 21
1 5 10 11 15 18 20 22
5 8 13 14 17 22 23 24
4 7 11 13 15 19 21 22
1 2 5 8 9 10 21 23 24
2 6 8 10 11 13 14 17 19 21
7 8 9 13 24
1 2 8 11 13 14 19 22 24
2 4 7 9 10 11 13 17 23 24
5 8 9 12 13 20 23
3 5 10 11 14 15 17 18
1 2 7 9 10 13 16
1 5 11 12 18 20 22
3 12 15 16 17 19
1 4 7 9 16 17 23 24 25
3 12 13 14 20 23 25
1 2 4 11 15 17 18 19 21 22
2 4 8 11 13 19 22 23
3 13 15 19 24
6 7 10 11 12 19 20 24
1 3 10 20 21
3 7 14 18 25
6 8 14 16 17 18 22 24
4 11 13 16 19 20 24
3 6 8 12 14 18 19 23 24
4 7 10 18
2 3 15 20 25
9 11 14 15 19 20
1 2 9 11 12 14 18 22 24
4 8 16 17 23 24 25
1 7 9 13 16 22 25
10 18 20 21 23 24
1 2 3 7 9 15 16 18 22
2 3 4 6 9 12 17
3 4 5 6 8 9 10 11 12 14 15 18 19 20 22 24
4 7 8 12 16 25
5 13 15 19 20 21 23
4 6 9 11 12 20 22
1 3 4 6 12 14 15 20 22
3 5 7 10 11 13 20 21
2 3 6 7 8 9 11 12 16 21 22 24
2 3 7 10 13 14 17 18 20 21 23 24
2 4 7 8 10 11 13 18 21 22 24
2 4 7 8 11 12 15 21 23
1 2 4 6 8 10 14 15 16 18 19 21 22
9 10 13 14 15 18 20 23
1 2 3 5 8 10 12 13 14 20 21 22
1 10 12 15 16 22 25
8 10
4 17 20 25
11 12 18
2 4 6 7 9 11 16 17 23 24 25
1 4 9 18 23
1 2 9 12 13 16 17 19 20
1 3 7 15 19
5 8 9 10 11 12 13 14 15 19 22 23 24
1 4 13 15 22
3 4 10 11 12 13 15 17 20 25
1 4 6 7 9 10 11 15 16 17 20 24
5 7 12 14 23 24 25
1 5 8 11 20 21
1 2 4 5 6 7 10 13 21 23 25
5 11 13 14 15 17 22 24 25
1 2 6 8 11 13 14 17 18 20 22
1 2 3 4 5 7 8 11 17
4 6 9 11 14 16 18 22 24 25
4 6 7 9 13 14 15 16
2 3 9 14 15 16 21 24
2 4 5 7 15 16 18 21 22 25
11 14 16
5 9 12 15 16 19 21 24 25
1 3 6 8 13 15 18 21
1 2 3 11 12 14 17 18 19 21 23 24
2 7 10
5 6 9 11 15 16 24
1 4 7 8 9 11 13 18 25
1 3 7 11 12 13 14 16 20 22
2 9 12 18 22 23
2 3 4 10 12 17 18 25
1 7 9
1 2 3 5 9 10 18 24 25
7 10 15 24
3 10 12 15 16 23
2 4 7 12 13 15 17 19 23 25
2 11 17 18 22 24 25
1 2 4 5 7 8 10 13 14 20 24
2 4 8 10 16 22
1 5 8 10
5 8 11 12 13 16 18 24
1 2 8 15 20 21 23
3 4 5 6 7 14 18 20
1 2 3 7 11 14 15 16 18 23
2 4 8 9 10 13 16 19 22
2 4 5 12 19
2 5 7 10 11 14 21
3 10 12 22 23
2 7 8 10 14 15 18 19 20 24 25
1 2 3 5 8 9 10 12 18 20 22 23
1 3 4 5 8 10 12 17 18 25
3 4 6 9 15 17 18 24
2 6 7 8 9 11 19 20
4 6 8 11 13 14 18 22 23 25
4 5 18 20 25
2 5 10 11 13 15 17
1 3 4 7 8 9 14 15 19 20 23 25
1 4 10 12 13 14 17 18 20 21 24 25
1 3 15 17 19 22 23 24 25
4 7 12 13 14 20 22 25
9 11
1 4 14 18 21 23
1 5 12 14 15 18 19 20 23 25
1 2 5 11 12 15 17 21 23
7 8 12 14 16 21 24 25
2 7 8 10 11 14 19 20 21 22
12 17 19 21
1 2 3 5 23
4 16
6 7 13 16 22
3 16 20 23 25
1 3 9 10 13 14 19 22 24
11 16 18 21
7 8 10 16 17 22
2 4 8 9 15 23 24
3 4 13 14 15 19 20 21 22
