1 10 13 14 15 18
4 5 11 22 25
1 5 7 25
5 13 19 20 23 24 25
5 14 15 18 24
4 7 11 14 16 17
1 2 3 9 11 18 23
6 11 21 25
8
8 10 17 18 22 23
12 15 18 20 25
5 7 10 16 19 20 22
2 4 9 15 21 24
23
10 11
15 18 23
7 8 10 14 15 18
1 3 9 17 19 24
15 17 18
3 14 18
4 12 15 19 23 24
4 5 16 22
3 6 9 13 14 23
4 5 6 7 9 17
6 18
3 4 9 13 19
10 11 13 19 20 24
10 13 14 20
6 7 11 19 23
11 18 23
4 10 17 19 22
4 10 13 20
1 4 5 16
4 8 13
2 5 11 15 18
4 8 11 24
3 5 12 19
1 3 4 5 10 12 15 17 19
2 6 11 12 13 17 22 23 25
4 8 9 10 13 15 20
2 12
1 3 5 9
4 5 11 15 18 22 24
16 20 22 23
6 8 10 19 21 22 23 25
2 3 6 8 10 14 15 17
8 12 16
7 8 9 17 20
1 11 12
9 10 13 16 19 20 22 25
12 25
5 15 21
11
2 5 6 9 10 11 15 18 23
8 15 18 20 23 24
15 19
10 16 17 22 23
5 8 10 14 16 17 21
12 16 22
1 3 9 16
2 9 16 23 24 25
2 3 15 17
4 6 10 11 17 24
4 9 10 18 24
4 11 22 23 24 25
13
1 5 6 9 10 21 25
4 8 11 19 20 22
1 6 8 14 18
1 5 7 8 13 25
1 5 6 8
1 4 8 9 13 16 17 22
3 6 19 25
10 13 14
9 10 15 22
13 17 21
4 11 15 18 19
4 7 20 23
4 7 10
6 8 10 11 14 22 25
9 17 18 22 25
4 9 14
1 16 25
1 2 4
3 14 16 17 20 21 22
8 12 13 14 25
2 6 20 24
3 8 11 15 22
5 17 18 23
3 4 16 17 18 19 20
2 4 5 8 20
9 21
9 12 14 15 20 23 24
5 11
4 5 11 21
5 6 14 17 18 19 23
10 12 18 20 21 22
6 8 10 14 15 19 20 23 24
3 16 22
5 8 13 14 18 19 20 23
9 11 13 16 22 25
3 16 21
5 10 17 23
3 4 10 13 16 17 22 23
5 6 11 19 20
15 19 20 23
2 9 15 17 24 25
3 9 10 16 23
11 15
2 3 7 24
8 16 22 23 25
7 12 25
2 7 24
4 12
6 9 11 21 22 23
1 5 12 25
1 3 5 9 16 18 19 24
2 9 13 14 21 24 25
8 13 20 24 25
15 19 21
13 14 18 19
1 3 5 12 16 22 23
2 4 10 12 14 19 24
3 4 16 18 21 23
3 18 23
6 8 10 11 22
2 21
4 6 7 11 12
2 3 9 11 21 23
5 6 7 8 15
3 4 6 14 15 16 23 24
4 13 20 22
9 17 23
8 9 24
7 11 14 15 17 18 22
20 23
14 15 16 19 20 23
1 15 16 19
8 11 14 18 21 25
5 7 12 13 20
6 8 12 18
1 4 15 18 21 23
1 3 9 16 18 21 22
3 12 14 16 18
2 13 17 20
2 9 17
3 5 13 16 21 22 23
6 9 16 23
2 8 11 20
2 5 9 12 15 21 25
3 7 9 14 18 20
3 6 25
4 8 13 15 19 24
3 4 16 17 19 21
3 6 8
9
5 8 11 12 18 20 21 22
7 9 11 15 17 20
8 9
2 5 14 19 21
9 11 14 15 17 23 25
1 10 13 14 15 18 21
2 4 6 15 18
11 15 17 19 24
1 4 22
8 11 13 18 19
7 18 24
3 14 17 18 20 21 24
7
14
3 6 11 14 17 19 22
3 12 13 23
12 14 19
13 22 25
1 2 3 12 14
12 18 22
1 2 4 16 18 20 24 25
15 17 20 22 25
7 12
10 12 16 19 20 25
3 4 5 9 10 11 14 24
12 16 17 20 24
3 9 13 14 21
3 16 21 22
2 6 7 16 20 24
1 17 19 24
3 5 17
6 8 11 14 17 19 21 22
6 7 10 11 12 19 20 24
1 4 8 10 20
8 14 17 23
11
2 3 24
8 10 13 16 18 21 23 25
2 4 10 11 16 18 19 24
1
18 20 22
4 6 11 12 14 16 23 24
8 10 14 17
5 15 17 20 21 22 24 25
