17
8 12
4 16
4 17 19 24
4 5 11 14 15 19 24 25
5 7 19 20
12 24
6 11 13 21
3 8 16 18
4 9 15
3 7 10 13 15 17
2 8 10 22 24
14
6 17
4 17 19
9 11 20
3 11 19 21 25
14 19 20
3 16 17 21
3 5 7 12 17
9 17 23
10 12 17 22
4 13 14 18
5 6 10 11 25
2 11 15
6 19
1 4 12 25
3 15 24
1 6 7 11 19 21 22
11 12 20 23
1 3 6 10 13 16 20 21
6 17
9 11 15
8
9 14
13 17
24
11 17 20 22 25
3 6 14 23
13 15
1 5 7 13 24
3 5 21
11
7 9
22
2 5 7 11 21 25
21
6 7 14 18 19 23 25
5 6 9
8 18 19 21
7 11 16 17
2 4 9
2 5 15 16 18 21
5 6 15
1 7 10 15 21 23
6 23 25
13 15 24
3 10 12 14 16
5 17 22 24 25
3 7 11 17
11 13
2 21
7 20 22
2 14 18 20 23
2 9 12 19 24
7 15 16
10 12 24 25
2 5 20 22 25
13 21 24
2 4 10 15 24
18
1 7 13
3 6 9 18
3 11
3 10 20 25
1 8 9 17
8 9 15 21
5 7 15 20
1 9 23
7 18 19 24
12 18
3 7 11 12 13 21
7 9 10 22
2 6 11 15 16 20 22 25
2 4 6 8 20
9 16 23
1 9 12 15 17 21
6 7 11 12
14 19 20 21 23 24 25
11 17 21
21
9 11 16 23 25
3 23
1 4 6 10 12 17 22 23
3 11 17 23
8 13 17 20
1 2 3 12 15 20
3 5 12 14 17 24
9 11 20 23
3 13 14 17 20
1 7 14 15
14 16 21
4
1 5 10 18 19 21
3 25
4 16 20
4 18 20
4 9 11 12 16 19 21
11 13 15 18
9 12 21
19
7 17 18
6 7 19
3 4 18 23
23
8 11 16
1 17 18
14 20 22
11 12 15 17
1 7
4 6 25
3 6 10 19
12 17 23
12 19
2 10 17 19 23
1 4 7 9 18 19 23
8 13 14 21 24
6 13 20 23 25
6 7 9 17 20 23
23 25
9 11 15 18 23
12 15 18 25
12 13 16 17
5 14 19 25
10 11 14 16
7 13 17 22
3 4 5 9 17 18 24
8 10 16 24
14
9 19
5 8 13 16 17 24
4 6 7 12 17 24
21
20 22
2
2 10 11 23
7 8 15 17
4 10 20 21 25
2 4
6 10 13 15
5 6 14 20
2 4 16
1 5 7 22
6 11 14 19 22
3 19 21 24
14 19 23
11 12 15
9 14 21 23 25
9 16 18 19 24
4
1 4 8 12
7 9 10 11 12 13
5 6 7 10 11 20
6 22 24
2 5 7 17
15 17 20
10
3 10 20
11 14 16 17 18 19 22 23
2 3 13 17 19 20
7 11 12 24
6 8 13 17
3 12 14 15 19
3 14 24
6 21 25
16 22
5 9 18 22
2 6 13 15 24
24
6
6 25
2 15
4
13 14 20 23
3 5 8 19 20
7 19
2 4 11 14 21 22
11 15
3 7 11
9 24
5 12 16 18 23
2 25
8 12 14 16
11 13 17 19
9 12 14 24
2 16
2 11 13 16 18 20 22
9 10 18 20
3 5 14
6 9 13 16 23
