4 7 8
3 17
1 6 7
1 7 9 13 16 24
5 10 24
3 6 7 10 15 21
18
1 13 14
8 11 19
13 14 15 18
10 15 17 23
16 18 21 23
3 4 12 25
4 12 18 19 21 22 24
2 8 9
8 12 13 24
16
5 7 11 23
4
2 10 20
6 10 11 15 20 21 23
5 16 21 22 23
21
17 19 21
12 24
9 15 24 25
4 6 13 25
1 16 20 25
2 4 22 24
10 18
2 7 11 14 18 24
2 10 12 23
9 15 16 19 20 24
6 7 11 15 18
9 24
8 13 21 23
9 12 16 24 25
19
4 9 14 17 23
1 7 10
10 18 22
12 18 25
5 6 15 19
16 20
13 18
5 14 15
2 7 9 12 19 22
16 22
8 10 17 21
3
3 4 9 21
2 15 25
3 13
4 15 16 17
13 17
2 6 17 18 21 23
14 21
3 7 12 15 24
7 15
4 10 19
1 11 14
5 12
6 7 9 17 24
1 13 14 15
4 6 9 13 17 18 23 24 25
5 6 10 13 15
3 14 22 25
7 8 12 16 18 20 21
5 7
11 20 25
11 15 16
2 8 20
15 18 23 24
9 12 14 15 16 22
2 4 7 14 15
12 21
2 3 10 13
7 10 21 25
17
4 16 22
1 8 18 23
2 7 11 14 17
1 2 11 16
3 8 12 14 20 21 25
8 11
5
12 16 17 18 24
4 6 8 13 16 18 22 23
3 6 14 15 18 21
2 3 5 12 21 22
2 3 4 8 11 19
11
1 5 6 13 15 20
2 6 8
19
1 16 24
2 3 10 17 18 25
5
9 19
6 18 19 22
3 6 9 12 13 25
2 6 8 14 15 17
4 17 19 25
2 5 18
5 6 22
2 6 9 23
19 20 21
1 2 12 15 20 24
2 11 14 15 21 24
7 9 11 13 14 19
2 3 20
3 6 8 13 16 18 20 21
15 22 25
6 14
5 19
10 15 21
12 14 19
6 9 14 23
6
5
2 12 16 20
3 4 7 11
5 7 12 16
2 24
7 17
8 19 20 22
24
2 16 18
9 22
3 4
7
3 7 9 13 20 22
7 16 20 24
1 4 22 23
1 6 17
4 13
1 5 6 18 19 22 23
4 14 16 18 20 22 25
8 12
9 14 15 16
5 13 14 18
11 20 24
4 6 10 12 15 25
3 8 12
1 7 8 15 21 22 23 24 25
3 17
5 15 19
3 8 17 18
10 12 18 25
2 3 5 6
2 5 6 14 18
1 3 5 7 9 18
13 15 17 20 21
3 10 11
8 10 11 18 21 22
1 5 22 24
2 15 18 20 21 24
3 10 20 21
4 17 21
8 14
1 5 10 21
2 4 12 19 22
8 10 13 14 25
15 21 22 23
2 6 8 9 12 14 25
3 7 8 10 25
2 20 21
1 15 20
3 7 8 13
1 18
1 6 25
1 3 10 15 16
3 9 14 15 25
3 14 19
8 23
2 9 20
10 11
7 20 24
9 15 18 19
2 11
3 17 21 23 25
4 8 9 13
7 20 23
1 2 5 10 15 17 20 21 23 25
2 3 6 21 23
3 8 9 24
1 16 17 20 25
6 16 20 21 24
11
1 2 14 20
3 4 19 24
5 7 11 25
10 13 16 19 23 25
3 6 7 10 18 20
5 20 21
6 7 13 25
5 6 9 22 25
1 17 25
2 10 13 15 18
1 3 20 22
