11 20 24
5 15 20
14 23
1 2 12 18 21
7 18
17 19
18
1 12
17 22
6 7 10 15
14 25
2 11 25
17
17
5 11
13 16 21
6 9
2 13 22
5 12
4 22
10 14
12 15 22 23
19
8 15
5
22
21 24 25
14 15 20 22
13 25
1 17
2 9
11 20
3 4 7 9 10 14 15
2 13 24
18 23
11 15 22
9 12
18
17
2 9
9
9
3 5 13 16 20
4 7 12
3 17
19 21 23 25
16 18 20
24
16
1 16 23
5 25
22
7 15 25
3 5 8
6 15 19
7
18
1 15 25
4 16 24
1 2 5 15
11 21 24
14 15 20 21 23
2 6 13 14 19
11 13 19 22
5 11 17
2 15
8 23 24
8 18
12 25
1 11 19
1 12
6
13 15 16 20
9 14 20
15 20 24
2 10 18 25
5 9 10
13 15 19
9 10 20 23
25
1 2 11 12 13 21
12 17
2 12 20 22 24
4 16 18 20
4
12 19
17
6 11 19
4 12
2 17
10 17 22
9
14 16 20
5 17 25
14
2 9
3 8 11 16 25
1 10 15 19 20
13
9 18 21
1 3 10 18
7
24 25
10 14 15 19
7 12 16 21
9
1 4
6 24 25
2 5 19
13
2 3 4 8 23
11
2 12 15 18 19
20 21
5 16 17
1 14 17 18
13 16 22
5
12 14
8 12 23
1 5 13 21
6 7 24
9 17 22
1 12 21 23
10 15
9 11 16 19 20 24
9 17 21
2 14
10
4 5 6 12 15 17 19 25
10 20
14
14 15 18
22
3 13 21 22
8 15 17 23
11 12 16
4 9 10 11 12 15
9 12
4 7 8 16
11
18
5 12 20 24
11 20 23 25
5 12 16
6 13 24
3 4 11 13
14
17 20
24
6 14 22 23
3
19
23
5 11 13 18 24
2
7 12
5 14
6 7 14
5 20 22 25
1 13 19
2 5 9 19 22
10 16 18 24
23
2 21 23
10 16 22
25
12 17 20
6 16
13
3 7
23
16 19
13 18 22
10 11
7 21
10 13 17
12 24
16 19
8 13 22 23
1 7 24
3 25
1 4 25
10
10 11 14
7 17
4 6 7 9 13 25
24 25
7 15
19 22 23 25
2 3 10 22
1 3 14 20 25
9 11 15
3 6 14 25
2 8
12 14 17 25
7
3 14
10
19
