21 23
14 25
12
2 9 12
15
13
4
3 17
7
8 20
14
16
6 11
12
4 7
8
3 17 20 22
13
18 24
5
9 17
2 4
6
25
21
15
3
6 10
25
5 13
8 10 16
4 24
1 5 21
16
20 24
6 14
18
8 12
2 24
24
12 15 22
11 20
12 14 16
3
14
23
20
2 11
16
23
3 13
3 10 11
10
9 10
1 3 21 23
20
20
3
19
21
4 17
4
6
8
8
8
3 9
8
5
8 14 19
12 22
25
15 18
23
7
19
16
5 13 15 16
16 17
5 19 20
2 9
23
1
14 23
12
10
21
9 17
19
10 24
1 4
17
15
9 19
2
21
14 19
20
19
6 17
13
12
1
16
1 9 11
11
10 15 21
1
16
3 6 9 25
10
7
15
21
1 18 20
9
6
10
22
7 13
5
10 19
16
14 15 19
19
11
3
4 5
20
4
3 6
8 19 23
7
4 17 21
3 18
3
25
18 19 25
1
1 8 10 16
1 5
7 8 14 21
14
11 21 22
6 23
6 24
11
2
2 4 17 23
13
24
1 21 25
3
1
4
24
10 20
21
6
13
3 7 20
22
21 23
3 22 23
14
2 21
3
10 19
1 3 23
17 25
6 10
23
5 20
2 5 7 23
20
4 5 9 12 14
2 8 16 25
1
14
1
11
6 17 20
6 23
10
3
21 23
15
3 25
4
7
14 20
15
3
5 6 12
2 9
16
14
21
20 24
13
