3 9 10 11 16 20 22
3 6 9 12 14 15 16 17 22 24
2 4 6 10 13 16 18 20
4 12 19 23 25
9 10 12 16 18 20 21 24
4 7 15 18 24 25
1 3 7 9 11 12 15 19 20 25
1 3 7 9 10 12 15 18 19 21 22 23
3 5 8 10 12 14 18 20 21 22
6 9 11 12 18 21 23 24
2 3 9 11 12 13 14 22
2 4 8 9 16 17 18 20 22 23
2 3 4 5 12 13 15 18 20 23 25
3 5 8 9 10 13 16 21 25
4 5 8 14 19 22 23 25
11 18 20 24
4 5 6 9 12 13 15 17 22 23 25
8 16 22 23
2 7 8 11 12 14 15 17 18 19 22 23 24 25
2 5 9 14 21 23 24
1 5 6 20 24
2 6 10 12 15 16 17 18 19 24
6 7 10 11 13 24 25
4 5 8 10 11 12 14 16 20 21 25
2 9 15 18 19 23 24 25
2 4 12 13 19 20 23 25
1 4 5 10 15 16 17 19 23 24
5 7 8 11 17 18 20
2 4 9 11 15 19 20 23 24 25
1 3 4 5 9 14 16 18 19 20 21 23
1 6 7 17 20 25
1 2 5 6 7 10 13 15 18 23
4 5 6 9 11 13 15 16 19
10 11 16 17 20 22 24
6 7 9 10 13 18 19 22 24 25
4 11 13 15 17 20 21
1 7 8 9 14 17 20 24 25
2 3 5 6 8 10 12 14 16 18 20 22 23 24
3 5 9 10 11 18 21 22 25
6 8 18 20 22
6 9 14 17 21 23 25
2 4 5 7 12 15 16 18 20 21 22
1 5 7 8 11 13 14 16 23
1 3 7 8 9 13 14 18 21 23 25
2 3 5 6 10 14 15 16 20 21 22 23 24
2 5 6 15 20 24
2 3 4 9 11 13 14 15 18 20 21 23
2 7 8 9 10 11 14 19 20 22 24
3 8 9 10 13 16 21 23
1 2 7 9 10 11 14 15 19
2 4 7 10 11 12 13 17 18 19 23 24
3 4 6 7 8 10 14 15 19 22 24
1 2 4 6 7 8 11 19 21 22 24
3 5 7 13 14 16 20 22 23 25
2 3 8 15 21
3 4 6 7 12 14 15 16 17 19 21 25
1 2 3 6 7 8 10 13 17 18 22 25
5 6 8 9 11 14 18 19 24 25
6 9 11 13 18
5 11 14 15 19 20 22
2 6 10 11 13 15 18 19 21 23
2 4 5 6 8 10 14 16 24
6 7 8 10 14 15 17 21 25
5 6 7 9 15 16 17 19 25
4 13 14 15 17 18 19 21 22 25
2 3 4 5 18 19 22 23
3 8 10 11 15 16 21 24
3 4 5 17 21 22
1 6 10 12 15 16 17 19 22 25
1 2 5 12 14 15 16 18 19 20 22 24 25
2 5 9 10 12 19 21
1 5 8 10 13 17 20 24
1 2 4 6 8 9 14 16 17 19 21 25
2 3 5 11 12 13 14 15 18 22 25
5 10 11 17 21
1 2 4 7 9 14 15 17 18 19 24 25
1 6 7 11 16 17 20 21 22 23 25
4 9 11 12 14 15 16 19 20 24 25
4 7 17 19 25
4 6 8 9 10 17 18 19 22 25
5 9 11 13 17 23
1 12 15 17 18 19 21
4 5 9 14 17 21 23
1 2 3 4 6 7 9 11 16 21
1 2 4 5 8 11 14 15 16 17 18 24
1 7 9 10 11 15 16 17 19 20 21
1 3 4 6 7 10 11 13 18 21 22 23
4 8 9 10 16 18 22 23 24
2 6 12 21 24
1 8 10 13 14 15 16 17 18 19 23 24
3 4 6 9 10 12 13 15 17 19 25
2 8 11 12 16 17 20 23
4 5 6 8 9 11 12 16 18 22 24 25
1 5 13 23 24
2 3 6 8 10 12 18 19 21 23
1 5 6 10 14 15 19 23 25
1 3 5 6 7 9 13 15 18 19 23
2 3 4 5 6 7 10 15 19 21 24
5 8 10 12 15 18 19
2 6 11 12 13 14 17
1 5 11 13 15 18 22 25
1 2 3 4 7 8 10 13 17 18 19 21 22 23 25
1 2 3 4 6 7 8 10 11 12 13 14 16 18
4 5 8 9 10 18
3 7 11 12 13 15 16 17 20 21 22
12 13 14 17 25
9 11 13 14 15 23
1 3 4 5 7 9 10 15 17
1 3 4 10 11 13 17 20
3 6 7 10 11 12 15 17 19 21 22 23 25
1 2 3 4 5 7 11 13 14 15 16 21 25
1 4 5 7 13 15 16 20 23 25
6 9 11 13 15 18 19 20 24
3 4 5 6 7 8 10 14 16 17 22 24 25
2 6 7 13 16 20 23
1 6 8 9 12 17 20 22
1 2 4 7 8 10 11 14 20 21 23
1 3 4 7 21
4 7 8 9 15 16 25
1 2 6 8 9 14 15 16 20 23
2 3 8 9 14 17 21
4 7 9 10 12 13 18 22 24
3 5 6 8 9 10 15 16 17 18
1 5 6 9 11 12 14 15 16 18 24
2 5 6 7 9 12 13 17 19 21 23 24
1 8 12 14 15 19 23
3 5 12 13 14 15 16 18 19 21 22 25
3 10 13 15 16 17 20 22 23 24
2 3 17 18 21 23 25
2 4 10 17 20 21 22 24 25
4 5 9 15 16 18 20 21
1 2 3 4 9 11 12 13 17 19 20 23 25
1 9 25
3 4 14 19
1 2 6 7 10 12 14 15 20 25
4 6 9 13 14 20 21 22 23
1 2 3 17 19 23
2 4 10 11 13 17 21 23 25
5 6 8 11 19 21 24 25
1 2 3 6 7 8 12 16 17 20 24
6 7 9 10 11 13 16 18 20 21
7 11 12 13 14 15 18
3 5 6 11 18 19 21 22 23 25
1 5 16 18 19 21 24
1 8 11 19 25
1 2 4 10 14 16 17
1 4 9 12 13 17 25
2 3 7 10 14 15 17 25
1 8 9 11 12 21 22 23 24
2 3 7 9 10 14 15 18 19 20 22 23
4 5 6 9 12 16 19 25
4 5 6 8 14 18 21 25
1 9 11 12 18 19
3 5 6 8 14 15 17 20 22 24 25
6 7 10 11 13 19 22 25
3 4 5 8 9 11 12 15 19 22 23 24
2 4 8 9 11 19
1 4 5 8 11 14 15 16 17 18 19 20 21 22 23
8 10 16 19 20 22 24
1 8 9 11 13 15 19 22 23
3 5 9 15 21 23 24
1 3 4 10 11 17 19 21 22
3 5 7 12 15 16 19 20 24 25
3 5 11 14 18 19 21 23 24
3 7 8 13 17 18 21 22 25
1 2 6 8 10 11 15 22
1 3 4 7 11 12 14 17 20 21 22
7 8 16 20 21
4 8 14 20 21 22
3 5 6 8 9 10 14 15 16 19 23 24
1 3 4 11 15 20 23 25
1 5 7 17 19 21 22 23 24
3 6 7 17 18 20 21 23 25
2 9 13 14 19 21 22 23 24
5 12 15 16 20 21
6 8 9 11 12 14 16 18 24 25
1 5 7 12 15 16 17 25
2 3 4 10 11 12 13 15 16 17 18 19 20 24 25
1 4 8 10 11 16 17 20 23 24
1 2 3 4 6 7 11 12 14 16 18
3 4 6 8 11 12 23 24 25
2 3 5 6 10 20 23 24
4 15 21
5 7 8 17 18 19 23
2 4 5 6 8 17 24 25
1 2 6 8 10 11 13 16 20 22
3 5 9 10 11 12 13 14 15 16 21
6 10 12 14 15 16 18 19 22 23 24 25
1 3 7 8 19 20 21 25
3 6 8 10 14 16 17 20 21 23
9 10 11 12 14 15 17 18 19 21 22 24
1 4 7 10 15 16 19 20 21 22 25
2 3 6 7 10 11 12 23
5 6 8 9 10 11 20
2 3 4 7 8 9 10 14 15 17 20 21 23 24
2 4 6 13 16 17 18 22 23 24 25
2 5 6 11 12 13 14 16 18 24
1 2 3 9 15 23 24
7 8 10 11 12 14 15
4 5 7 19
