5 6 11 15 17 19 23 25
1 6 9 10 11
7 8 10 14 17 19 22 23 24
1 4 7 10 16 18 19 20
2 5 22
3 6 9 13 16 21 22
18
8 11 15 18 20 24
5 6 7 9 13 18
1 4 5 7 12 18 19 21
10 13 14 15 16
1 3 5 8 10 11 12 14 17 18 20 21 22
4 8 10 11 17 18 19 22 23
4 5 6 9 13 15 21
2 5 6 9 10 12 13 16 25
16 17 19 21 23
1 4 11 14 20 25
8 11 15 20
5 7 12 15 17 18 24
10 16
7 12 13 17 19 20 23 25
1 3 5 9 16 18 25
1 5 8 16 18
6 15 16 20 21 25
5 7 12 14 15 16
3 5 11 21
3 22 23
9 14 16
3 4 11 14 16 18 19 24
4 7 8 13 14 18 19 20 24 25
2 3 6 13 20
1 2 3 10 14 18 22
4 6 9 12 16 18
6 9 11 17 19 21 22 24
3 7 8 20 22 24
1 7 8 10 13 15 17 21 25
21 24
5 12
2 4 7 11 12 15 17 23 24
4 5 8 15 20 23
2 5 10 13 15 17 20
7 20
4 5 17
2 3 5 6 8 15 22 24
2 12 13 16 17 20 21 23
3 6 10 15
2 3 4 6 9 15 16 19 21 24
13 15 17 19 21 23 25
3 4 7 8 11 13 14 16
2 6 8 10 12 16 17 19 21 22 23 24
2 4 7 11 12 14 15 16 19 23 24
2 15 21 25
1 2 3 4 6 7 16 17 23
3 8 10 12 14 15 18 20
5 14 25
1 12 16 18 19 25
11 13 14 20 23 25
1 4 6 11 17 19
1 2 10 11 13 14 18 19 23
2 3 7 13 14 17 18
3 12 13 14 16 25
2 12 13 15 16 18 19 21 22 24
1 3 4 5 7 9 13 14 16 23
15 16 18 23
6 11 14 15 16 19 21 25
6 8 11 17
2 4 7 11 14 16 19 22 23 25
2 9 11 12 14 17 19 24
2 3 4 6 14 23
3 6 10 14 16 20 21 22
2 8 14 17 18 19
5 6 7 10 13 19 22
12 18 22 23
5 8 9 11 12 14 19
11 15 18 19 20 24
2 8 13 14 20
2 3 4 7 8 9 12 17 24
1 4 7 8 10 14 16 20 21 24
9 11 19 23
1 2 5 8 9 19 21 25
5 7 19 22 24
6 7 9 11 15 18 20 24 25
3 4 6 8 9 13 16 17 18 24
2 4 20 23
5 6 7 13 21 22 23
5 6 7 9 10 12 13 19 22
2 5 11 21 22 23 24
3 5 13 17
2 3 9 12 21 23
1 2 4 11 21 22 23 25
5 6 8 15 16
7 11 16 17 21 25
5 7 9 15 20 21 25
6 8 9 20 21 25
1 9 10 12 15 22 25
8 11 12 13 18 21 24
7 8 11 14 22 25
2 3 16 17 20
3 10 14
2 3 7 13 16 23 24
1 5 6 11 19 22
4 16 17 18 23 25
5 6 9 12 18 23 24
3 5 6 9 17 21
6 10 20
3 4 6 8 9 13 14 17 21
4 10 11 18 20 21
7 10 11 21 25
3 6 8 9 10 14 19 20 23
1 2 3 8 9 14 18 19 24 25
1 3 9 19 20
1 5 6 10 12 19 22 23
6 13 17 19 23
1 3 5 12 18 22 24
10 11 12 13 15 23 25
1 2 21 22
4 5 6 8 12 16 18
1 2 8 9 10 14 15 18 24
1 5 12 18 24 25
4 12 15 20 24
7 10 13 14 17
1 5 16 18 24
4 14 20 21 24
2 4 11 13 21 22
1 4 5 6 23 24
4 5 8 9 10 13 14 18 23 24 25
2 4 16 18 20 22
1 2 5 12 16 18 23
1 6 10 12 14 22
8 9 13 15 19
2 7 8 10 17 22 23
2 6 7 11 21 24
1 4 7 13 24 25
8 10 15 23 25
1 6 8 9 22 25
1 2 3 6 9 15 16 18 19
2 10 15 16 20 25
1 3 9 10 12 13 14 24
2 4 11 13 14 21
4 6 7
14 15 17 18 20 23
1 21
6 13
5 6 13 14 18 19
1 9 11 17 19
3 5 9 10 11 12 13 18 19 24
4 8 9 10 11 12 18 19 22 23 24
3 5 21
4 7 8 10 11 12 16 18 23
8 20
6 7 13 16 19 24
6 11 12 15 17 24 25
2 5 7 11 15 19 23
4 6 10 18 22 24
2 8 10 11 13 14 15 16 19 20
1 2 6 11 12 13 15 20 23
1 2 6 8 9 11 15 17 19 22 23
8 9 15 17 21
5 7 9 10 14 22
1 4 8 12 13 14 21 25
1 6 7 9 19 24
7 13 17 19
1 3 9 10 13 18 22 25
5 11 14 18 19
2 4 9 11 14
4 11 18 21 22
2 7 9 19 20
1 8 13 14 18 19 20 24 25
5 17 20 22 24
1 2 10 14 18 19 20
3 11 14 19 23 25
4 10 11 15
1 2 3 5 10 21 23
7 11 13 15 17 19
9 11 13 14 18 25
1 3 11 13 16 23 25
3 9 13 22 24
5 16 25
1 3 13 23 24
4 5 11 14 15 23
7 13 14
1 5 15 18 19 21 22 23
6 8 15 19 20 22
5 9 10 11 14 16 18 20
2 10 15 24
2 6 7 12 23 24
6 7 12 15 22
5 6 11 14 23 25
4 5 12 14 17 25
2 7 9 10 12 14 20
2 3 4 9 18 21 25
2 8 18 20 23 24
1 3 6 9 12 13 14 16 18 23 24 25
4 9 11 14 25
5 8 14 15 16 17 21 22
4 9 14 15 23
3 5 14 23 24
4 6 14 23
11 14 18 22 24
1 2 4 8 15 18 22 23 25
