2 13 17 19 23
3 4 11 12 14 21 24
3 21
1 7 21
6 10 14 15 16 20 23
10 11 12 22
6 16 24 25
1 5 8 10 11 13 17
11 14 19 22
4 5 12 13 14 17 18 21
5 9 10 20 21
1 2 7 10 11 16 18 19 22
4 12 18
5 11
1 12 18 24 25
2 6 22
8 16 19 25
8 15 21
4 8 13 24 25
6 14 19
1 13 14 18
6 14
9 12 17 20
1 6 8
3 9 10 13 15 17 18 20 22 23
1 12 25
3 10 11 17
4 5 11 15 21
1 4 7 10 13 14 16 18 20 23
3 5 11 19 24
1 5 9 12 15 21 24
4 8 9 21
1 6 9 12 15
9 17 19 23
7 9 12 14 16 18 21
7 9 15 20 21 23
3 4 5 9 10 19 20 21
12 19
7 9 15 23
7 8 9 12 17 19 20 21
5 7 15 23
2 6 7 10 11 16 18 25
9 11 12 19 20 23
3 4 6 12 23 25
11 18 22
12 20
2 7 9 15 17 18 20 25
9 13
1 2 6 13 23
12 16 17 23
8 11 13 14
2 3 13 18 19 22
5 15 18 19 22
2 8 11 12 14 25
4 11 12 23 25
6 12 18
1 2 6 9 14 17 22 23
10 17 21
1 2 3 10 15 17
4 5 9 13 14 16
1 9 12 13 14 15 18 20 23
4 6 14 23
1 6 10 20 23 25
7 12 17 23
2 3 8 17 18
11 18 19 23 24
3 4 7 9 10 25
1 6 7 21 25
4 6 21 23
7 11 13 20 25
3 5 14 19
1 3 6 7 9 12 15 19
8 14
14 23 24
3 9 15 20 21
3 10 17 23
3 13
6 8 12 16 19 22
2 5 6 11 12 16 22
5 16
1 11 12
2 4 8 13 22
6 13 16 24
2 16 17 24
2 4 12 15 18 22
1 16 19 25
1 5 8 15
3 10 11 18 19 21 23 24
6 7 10 16 17 19 21 23
3 4 7 8 12
1 2 6 7 9 10 16 18 20 23
1 3 11 17
5 10 17 25
3 18
4 6 7 8 15 19 20 25
1 2 4 14 15 21 23
1 4 6 12 17 20
16 20 23 24
4 8 10 14 16 20 24
7 15 20
3 5 7 8 20 23
3 4 16 19
2 5 6 18 22
14
5 9 16 23
6 7 11 12 22 23
2 4 6 15 19
1 6 11 24
8
9 14 22 24 25
2 4 7 24 25
7 8 18
5 10 13 14 15 16 17 20
5 10 16 19 20 24
1 4 5 21 24
5 8 15 17
11 13 14 18 24
4 12 25
3 11 15 17 18 22 23
2 6 7 9 16 18 21
1 7 8 11 14 15 18 22
1 4 6 10 13
3 4 5 18 21
8
1 14 15 21 22
9 14
9 10 19 20 22
18 20
8 13 20 25
2 18
1 3 4 7 14 18 19 20 21
11 12
17 25
2 3 5 6 7 10 20 21
1 6 7 9 14 25
3 5
3 4 6 7 11 14 22
15 17 18 19 21 23 25
3 4 6 7 19
14 20
4 9 16 20 21
4 9 12 13 21 24
7 8 14 20 23
5 8 10 13 14 25
3 12
11 14 20 23
4 16
4 18
1 12 14 23
1 2 5 9 10 21
5 14 17 25
3 5 7 13 21
9 20
5 11 15 19
1 3 6 16 17 19 22
1 5 15 19 20
4 7 10 22 25
6 8 10 16 21
9 11 20 24
6 9 15 22 23
2 3 11 14 15 20
4 9 11
3 8 15 18 19 21
1 7 13 14 16
5 7 13 20 22
7
4 7 24
2 18 25
17 24
7 9 10 19
2 3 6 8 12 14 24
5 22 23
8 14 16 20 21 22 25
4 8 14 16 21
1 3 6 10 13 17 22 23 25
3 4 6 7 11 23
6 12 14 25
4 13 19 20
19 22
5 10 11 13 19 20
1 7 11 13 17 22 25
4 8 9 10 16 24 25
1 2 4 12 13 14 15 24
4 6 13 16 17 22 24
5 11 13 14 16 18 19
1 3 12 15 16 17
1 2 3 7 16 20 23 25
6 8 9 12
5 7 11 13 17 20
4 10 11 13 17
2 11 15 17 21
2 8 16
6 7 17 21 24 25
6 7 14 22
15 17 22
5 11 13 17 19 21
7 8
2 12 23
1 15 16 17
8 9 11 21
