1 6 8 9 12 17 18 21 23
1 5 8 11 22 24 25
2 9 12 13 18 19 24
1 5 6 11 18 19 23
3 5 6 7 12 13 16 18 20 21
5 7 8 12 14 17 19 20
15 16 17 19
1 9 24
1 2 5 6 8 11 12 13 18 19 22 24
1 4 5 6 7 15 16 19 23 24 25
1 3 4 7 8 9 10 13 15 17 19
2 3 9 10 15 18 19 20 23
1 5 6 7 17 20 22 23
2 3 4 11 12 14 18 19
1 3 11 12 13 17 19 21 22 23
1 5 8 9 10 13 15 19 20
8 10 14 24
1 2 6 9 14 24 25
4 6 9 10 12 13 20 25
3 4 12 16 17 20 21 22 24 25
3 5 7 12 15 17 18 21 23
3 4 8 12 13 19 23
3 4 8 10 12 15 17 22 24 25
3 6 8 10 11 12 14 15 16 23
15 19 20 21
1 15 17
3 8 9 11 12 13 17 23 25
2 6 8 10 17 18 19 21 22 23
2 3 8 12 16 18 24
1 3 14 15 20 25
2 3 4 5 10 12 15 16 17 19 20 21 23
10 13
2 3 4 6 13 14 25
4 7 14 17 18 24
4 8 15 18 23
1 10 18 20 21 22
1 3 4 7 8 14 15 21
2 5 6 7 8 10 13 14 18 20 24
2 7 9 11 14 15 19 23
3 4 5 13 16 22
4 15 20 23
1 2 4 5 7 8 9 13 15 21
1 6 12 14 16 17 20 21 23 25
5 6 13 15 21 22
5 9 19 21 24
8 11 16 18 21 25
3 4 10 13 15 21
3 4 5 7 14 25
6 10 16 20 21 22 24
1 2 19 20 22 24
6 7 9 11 12 23 25
10 11 14 21 24
7 8 9 19 23 25
5 7 13 14 17 19 22
1 6 13 15 16 21 23
3 4 6 9 10 18 19 22 23
1 4 9 10 14 20 21 23
6 9 11 13 14 15 17
1 2 4 7 9 10 14 15 19 22
1 3 4 8 9 13 15
1 2 3 9 10 13 14 15 16 17 23 24
7 9 10 14 23
2 7 10 14 24
3 4 12 15 18 25
1 2 5 6 9 15 18 21 23 25
1 4 5 12 15 20 24
1 3 9 18 20 24
3 13 14 15 19 22 24
2 3 4 6 8 10 17 25
5 12 13 14 16 18 20 24
2 14 15 19 20 25
2 5 19 22 24
1 3 7 8 10 14 16 19 21 25
7 8 10 11 14 18 19 22 23
1 5 10 14 17 18 19 25
1 2 3 4 5 6 9 12 13 15 16 17 19 20 21
1 3 7 10 15 18 25
1 6 11 15 24
2 7 9 13 19 22 23 24 25
4 5 7 10 11 19 20 21 22 25
3 11 12 15 16 18 19 20 24
1 3 4 16 19 21 22 25
2 5 7 9 12 14 16 17 19 22 23
6 7 13 14 25
1 2 7 9 24
1 12 14 18
5 12 13 18 21
14 19 25
2 4 5 6 20 22
4 5 7 14 21 24
5 11 12 13 17 18 25
3 6 7 8 13 19
1 2 8 17 21 22 23
1 2 5 6 7 14 15 16 18 19 20 24
1 2 5 15 16 17
4 5 10 11 12 25
8 11 14 15 18 19 20 21 25
4 12 13 20 21 22
6 8 11 16 17 18 22
4 11 15 19 21 24
1 2 6 7 10 24
2 3 6 11 12 14 24
5 9 18 20
1 2 4 9 13 16 17 21
2 3 4 5 7 13 15 16 17 18 21
4 6 7 9 14 16 20 21
6 7 14 25
3 4 8 11 13 15 19 23 25
2 9 11 12 18 22 23
1 15 16 17 22 23
2 8 9 19 22
3 4 11 16 17 20 21 22 23
2 3 14
8 9 14 19
5 8 11 13 23
1 2 5 10 11 13 23 25
5 9 13 17 20 23
1 2 11 17 19 21 23 25
1 3 4 5 9 10 11 12 15 17 19 20 23
8 21 22
1 2 3 6 9 10 14 16 17 22
2 3 5 6 9 10 11 15 22 23
2 5 7 8 12 13 21 25
8 11 13 18 25
1 4 5 8 10 12 13 15 24 25
1 2 3 4 8 13 14 21 24
2 3 9 16 22
9 10 14 18 25
12 20 25
1 6 11 15 17 20 22
8 20 22 23
3 4 6 9 11 12 15 19 23
5 9 11 16 20 23
3 11 13 14 19 20 22 23
10 18 23
1 2 3 4 7 9 10 13 20 24
4 5 6
2 4 5 7 8 9 10 11 18 19 21
1 5 8 11 12 23
9 10 12 19 22 24
3 10 12 14 16 17 21 23 25
6 10 12 17 21 25
4 6 7 8 9 10 12 15
9 13 15 16 18 21
7 11 13 14 15 18 21 23
7 12 15 17 19 20 21 24
1 2 6 7 10 12 20 24
2 10 13 16 17 18 21 22
6 7 9 17 18 19 20
1 2 5 7 13 25
2 5 7 8 12 17 22 23 24 25
3 9 13 14 18 21
6 11 13 18 20
1 2 11 14 15 16 23 24 25
3 7 12 13 16 23 24
5 8 14 18 19 20
6 8 11 12 17 20 23 24
3 9 14 16 17 22 25
4 6 8 15 20
1 4 7 11 13 15 17 22 25
2 3 14 15 18 22 24
2 3 4 5 12 14 18 21
3 4 5 9 12 13 16 19 20 24 25
2 7 10 20 21 22 24
5 6 8 14 17
5 6 8 10 13 15 16 18 20 24 25
4 7 9 10 12 17 18 24
1 2 3 8 12 13 14 18 19 21 22 24 25
5 12 14 16 17 19 25
16 17 25
3 4 5 21 24 25
1 5 10 11 18 19 20
2 3 4 5 7 8 11 15 17 20 21 23 25
2 18 20 25
7 10 14 16
8 10 14 16 22 25
1 3 12 19 20
5 7 9 14
3 9 10 17 23
3 5 9 11 15 22 23 24
1 4 13 18
8 12 15 17 21 23
4 5 8 10 14 24
6 10 12 17 21 23
20 23
1 3 5 6 8 9 10 13 17
2 7 11 25
4 8 15 18 19 22
1 6 9
2 12 16 20 21
6 14 20
4 6 10 14 19
1 2 6 19 20
1 3 4 6 9 16 17 18 23
5 16 18 19 22 24 25
1 3 7 9 10 11 14
4 10 11 15 16 18 19 20 24
1 5 8 9 14 19 23 24
4 5 6 12 14 17 18 19 20 24
6 7 10 16
