1 7 25
30
20 30
29
2 24
17 22
27
20 24 25
25 30
3 14 19
17
2
6
4
26
22
13 30
9 18 30
4 28 29
25
17 24
23
27
13 18 21
2 17
10 14 28
16 17
1 6
18 20 22
2 5 12 20 24
9 17
4 7
13 18 22
9 15 27
18
4 12 28
1 6 9 27 29
6 7 15
20
24 30
5
1 23
22
5 7
30
15 26
14
3 6 14 26
15
7
4 12 15
21 26
6 20
3 12 19 25
7 19 27 29
4 20 22
13 27
2
23
6 30
9
2 7 10
6 12 20
18 29
8 30
3 23
7
3 28
3 22
4 20
29
9
20
8
16 18 29
7 8
7 12 17 21
10 12
12 15 23
3
13 26
3 14 22
8
4 12
24
26 27
4 8
24
5
1 16 20 24
12 27
2 6
5
8 17 18 27
28
5
5 13
9 14
18
2
8 21 30
1 10 27
6
5 16
12
7 17 29
9 18 20 23 26
20
12 20
26 28
24 30
6 19
23
1 2
22 25
5 17 18
5 29
9 10
12
9 10
17
7 10
7 29
11 23
7 11
18
1 4 14 15 29
1 5 17 22 26 30
15 27
18
9 16 22
6 12 21
7 10 27
21 24 25
4 12 21
17
4 12 18
16
25
2 26
23 24 26
20
15
8
4 23 29
15 19
1
10 13
19 27
16 21
8
26
17
14 27
6
17
10 11 22
5
8
14
3 4 23
26
12 28
3
11 28 29
1
13
9
16 17 19
5 17 21 28 30
7 30
14 17
18
21 30
30
3 29
18 25
5 8 11
22
2
22
4
19
16
10 29
27
15 24
24
9 11
26
6 7 19
28
19
14 20
8 22
4 10 24 28
6
15 28
11 14
28
