2 6 12 20 28 30
8 30
3 9 15 17 26 30
3 4 13 14 18 20 21 22 28 29
1 3 6 10 16 20 27
7 9 11 13 18 19 23 25 26 27 30
5 6 21 24
1 13 20
8 9 14 17 21 24 26 30
9 13 14 18 19 20 21 24 27
4 9 14 23 24 25 26
7 9 10 13 14 19 24 28 30
1 4 9 13
5 10 11 18 23 24 28 30
8 16 21
5 7 15 22 24 27 30
3 4 20 21 23 27 29
11
3 12 19 20 26
3 6 12 21 26
9
8 9 10 12
14 15 30
5 16 23
7 9 13 18 29
2 10 19
2 3 4 9 16 24
3 6 10 12 16 18 20 25 30
2 9 14 18 20 28 29
2 3 4 16 21 28 29
5 7 13 16 17 20 29
16 18 29 30
3 5 19 20 24 27
2 11 20 24 25
7 12 13 14 15 16 22
3 4 6 11 21 24 25 27 29
3 7 14 20 21 23 24 25 26 29
3 5 7 15 17 19
7 22 28 30
2 5 7 9 13 15 19 29
1 3 9 12 14 15 17 28
12 13 17 21 28
5 15 17 22 27
14 15 22 25
2 12 24 25 27 29
1 9 10 20 23 24 26 27 29
1 7 22 28
1 3 5 11 14 16 22
1 9 15 17 22 25 27
6 10 13 15 29
10 15 17 18 22 26 28 29
3 6 12 15 24 25
10 13 15 16 17
3 4 7 13 15
4 5 8 11 21
3 8 10 13 15 18 20 25
12 17 27
5 20
4 7 9 15 18 25
8 11 12 14 15 17 18 24 29
3 4 6 19 25 28 29
2 6 8 12 14 18 20 23 29
12 19 20 25 28 29
5 12 16 17 18 20 22 23
4 14 16 24 29 30
2 6 10 21 25 29
3 6 23 24
3 4 9 15 18 19 26
15 19 20 24 25
2 13 16 19 26 27 30
2 4 8 11 16 29
3 9 15 17 22 23 27 28
1 2 10 12 13 15 18 20 25 29
3 10 13 25
1 8 10 12 21 23
2 4 6 9 17
24 27
6 12 16 21 22 24 26
9 12 15 18 21 22 30
2 6 9 16 26 29
4 10 12 13 17 21 23 28
2 4 5 11 16 17 18 20 21 26
1 2 10 20 27
2 21 23
10 14 20 22 23 24 26 27
10 13 16 21 26 28 30
10 14 21 22 24
2 5 7 17 18
2 3 19 20 25 26 28 29 30
2 10 11 13 17 18
1 8 14 18 21 25 30
5 10 18 25
3 4 5 6 15 24 28
8 15 28 29
1 4 6 10 11 15 16 20 27 30
1 3 12 15 22
8 10 12 15 17 21 22
11 12 14 21 25 27
17 19 28 29
6 11 12 15 16 22 28
3 5 10 11 20 21 22 29
1 4 17 26 28 30
3 4 11 13 17 18 23 25
4 5 6 7 17
2 4 6 8 16 24
12 14 19 20 21 22 24 26 27
3 8 9 16
2 7 13 23 28 30
4 9 25
3 8 9 19 20 22
3 9 28 29
1 15 25 27 28
5 11 12
4 5 6 12 13 22
2 4 9 16 18 22 28
3 14 17 30
1 3 10 15 25 28
1 5 6 16 18 27
3 15 16 17 22 23 25 29
3 11 30
4 9 15 18 29
4 12 23 24
4 5 8 12 15 27 30
1 8 18 21 22 29 30
3 5 7 10 19 22 23 24
4 5 6 13 14 21 24 25 27
3 4 9 10 17 25 26
2 3 25 27
13 23 24 27 30
1 4 11 13 14 29
5 18 30
5 7 9 13 23 26
9 10 13 18 21 22 26 30
2 10 18 24 28
1 2 3 5 10 17 18 21 27
1 3 18 19 21 30
8 9 10 17 20 27 28
4 15 16 21
2 4 11 15 22 27
4 7 9 10 25 28 30
4 10 12 19 26
4 6 8 12 19 21 27 28
2 11 13 15 17 18 24 27
1 5 6 12 17 25
2 12 25 28
1 3 9 12
1 7 8 10 13 14 22 28
5 14 15 18 20 21 22 27 29 30
6 9 14 19 28 29
1 3 4 8 15 16 17 18 20 30
4 11 15 19
13 14 18 19 21 28 29
8 9 21
5 6 8 11 15 18 21 24
4 8 12 15 17 22
4 6 16 18 23 24 26
1 3 9 21 22 27 28
2 4 5 9 16 19 20 21
2 4 5 11 14 15 19 23 24 29
2 8 24
2 15 23 24
2 8 9 20 22 23 25 26 28
10 17 22 23 24
4 8 10 14 19 23 25 28
3 10 11 24 26 27
3 5 6 19
2 4 10 15 16 18 21
4 6 9 10 12 15 20 25 30
23 27 28 29
5 10 15 17 22
5 10 11 14 21 23 29
7 11 17 20 22 23 28
8 13
6 10 12 13 23 24
8 27
3 5 25 26 30
6 17 18 21 23
1 7 15
3 6 7 24 25
3 4 6 9 11 14 21 24 25 30
2 13 14 19 24 30
14 15 19 24 30
1 9 10 11 16 23 27 28 30
4 8 16 22
4 5 6 8 12 15 21 26 29
15 17 18 20 26 27
18 25 28
4 10 16 23 26
14 17 19 26
1 20 22 24 27 28
5 6 21 26
6 7 13 14 17 24 25 27
3 8 15 16 17 19 22 23 28 30
1 6 15 17 23 25 26 28 30
12 13 14 25 26 30
29
25 28
1 2 9 10 15 23
5 6 8 16 20 21
3 10 12 15 17 19 23
