2 4 5 6 8 10 11 12 18 21 22 25 28 30
2 3 4 8 9 15 17 18 19 20 21 24 26 27 29
1 3 5 9 10 11 13 14 15 16 17 19 20 26 30
1 2 4 8 9 12 14 16 17 18 20 21 24 26
2 3 4 12 22 24 27 28 29
2 4 5 6 7 11 19 20 21 22 25 26 27 28
1 5 7 8 10 17 19 23 24
2 7 9 12 13 15 19 23 27 28
5 6 10 15 16 22 23 27 28 29
1 3 5 7 10 11 12 16 19 23 24 27 30
1 2 5 8 11 12 13 14 15 16 18 21 24
1 2 3 4 9 15 21 22 23 26 28 29
5 7 12 14 15 22 24 26 27
1 8 9 10 12 13 16 20 22 24 25
4 6 11 12 19 20 23 26 27
3 7 10 11 13 15 18 19 24 25 29
1 2 4 6 7 8 10 11 13 14 16 17 18 20 23 24 25 26 28 29
1 2 6 8 10 14 17 20 24 27 28
1 4 7 9 10 11 13 14 15 17 18 21 27 30
2 3 9 10 16 17 18 19 23 25
2 7 9 10 13 14 16 18 19 21 30
1 2 3 6 7 8 9 11 12 13 15 16 17 18 19 23 26
3 14 16 18 20 21 22 24 28
4 5 8 10 12 14 15 16 21 24 28 29
1 2 3 8 9 13 14 15 18 23 24 26 27
4 6 7 12 13 15 16 17 19 20 21 22 25 26
1 2 3 4 5 9 11 13 15 16 18 23 24 25 26 27 29
5 6 8 9 10 11 13 14 15 16 22 26 28
1 3 6 9 10 11 13 14 19 22 24 25 30
5 6 9 11 12 15 16 19 20 22
4 5 6 8 9 12 13 14 17 19 20 27 29 30
1 3 8 9 10 12 15 16 21 24 28
1 3 4 6 7 9 12 13 18 19 20 22 23 24
1 3 7 14 17 19 22
1 7 9 10 11 12 16 20 28 29 30
3 4 6 7 9 14 15 22 24 27 30
3 6 8 10 12 14 16 17 19 27
1 2 6 8 12 18 19 21 22 24 25
3 5 7 8 9 10 11 15 18 21 22 26 30
1 2 3 7 9 14 17 18 19 22 25 30
2 4 5 6 16 19 20 25 26
1 3 4 9 10 12 16 17 18
3 4 9 10 11 13 16 17 20 25 27 30
2 6 7 10 11 19 20 27
3 6 11 12 13 15 19 20 25
2 6 7 15 16 18 19 20 21 26 27 29 30
10 20 21 22 24 25 29 30
2 3 5 6 8 9 11 14 16 17 18 19 23 26 28 29
2 3 5 6 7 11 21 24 26 30
7 10 13 15 17 18 20 22 23 26 28
2 5 9 11 13 16 18 19 20 22 24 26
4 10 13 15 16 17 19 21 25 26 27 28 30
1 2 3 5 6 16 17 20 23 25 26 29 30
2 6 7 16 17 21 22 25 26
2 4 5 17 20 21 23 25 29 30
3 4 7 8 9 15 16 18 19 20 22 23 25 26 27 30
1 2 9 10 11 15 17 18 20 21 23 28
11 15 16 19 20 23 25 27 30
1 3 4 5 7 8 13 14 15 16 17 22 24 25 27 28 30
6 8 12 14 20 24 26 27
3 4 6 7 9 10 12 13 17 19 22 25 26 27 28
2 7 8 9 10 12 13 15 18 20 25 26
1 2 7 9 10 13 17 18 25 28 30
3 7 8 11 13 14 16 19 20 23 24 26 27 28
1 2 3 6 9 10 12 14 18 19 23 25 26 27 29 30
1 3 4 6 13 17 19 22 28 29
5 7 22 24 27
7 8 9 10 12 15 17 18 20 21 23 24 26 28 29
2 4 5 10 12 13 14 17 18 19 22 23
1 2 4 5 6 7 9 10 11 12 17 21 24 25 26 27 28 29
1 2 3 7 11 13 18 20 22 26 27 30
3 4 9 13 14 18
2 3 6 7 8 12 15 18 22 24 27 30
1 12 21 22 26 28 29
2 3 8 14 15 16 20 22 27 30
2 4 5 8 10 11 14 16 19 23 25 30
1 3 7 9 10 16 21 25 28
5 6 7 8 10 11 12 13 14 16 17 18 20 26 29
1 3 6 11 14 15 18 21 23 24 27 28 29
1 3 11 13 15 17 21 22 24 25 29
1 2 3 7 12 14 23 24 25 27 30
3 4 5 9 14 15 19 27
1 5 9 12 13 14 17 20 22 23 24 27 28
4 5 6 10 14 16 17 22 26 28 29
4 6 7 9 15 18 20 24 26 29 30
3 4 5 7 8 11 13 16 23 24 29 30
2 3 4 7 8 10 11 12 13 15 17 21 24 25
2 5 6 7 9 11 16 17 18 19 20 25 27 30
4 6 7 8 10 11 12 13 18 19 22 29
2 11 12 15 20 21 22 26 27 28
1 2 4 5 6 7 9 11 12 13 19 20 23 24 26 29 30
2 9 12 13 21 23 25 26
1 4 5 6 9 10 11 12 13 14 15 20 21 22 24 27 29
1 7 8 10 12 13 21 23 25 26 27 28
1 2 7 9 11 14 19 22 24 25 28 30
2 4 8 11 13 17 26 28
6 10 13 15 16 19 20 21 24 26 30
2 5 9 10 12 18 19 20 23 24 28 29
5 6 10 12 14 15 16 17 18 19 23 27
1 8 10 11 12 14 18 21 23 25 29
1 3 6 11 14 17 18 20 21 23 25 27 29 30
1 3 6 7 8 11 12 18 19 21 23 24 26 28 29 30
1 6 7 17 21 23 24
1 2 3 4 7 9 12 14 17 18 19 21 26 27
2 3 4 5 9 11 13 14 16 17 20 21 23 25 26 28
2 6 7 8 11 12 14 15 16 17 18 19 21 22 23 29
2 4 7 11 14 16 17 19 20 22 24 25 26 28
1 3 9 10 11 13 15 16 18 28
1 3 4 6 7 8 9 12 13 14 15 16 17 18 20 21 22 27 29 30
5 6 8 10 14 15 21 26
2 8 11 13 14 15 16 17 21 22 24 26 28 29
5 8 11 15 20 23 26 28 30
2 5 11 12 13 18 22 23 25 27 30
1 2 4 6 8 11 12 15 19 22 23 24
6 7 8 12 13 14 17 20 21 23 26 28 30
3 6 9 12 13 14 15 16 22 23 24 29
2 5 7 8 9 10 18 20 21 22 24 26 27 30
1 3 6 7 8 10 12 14 15 16 17 19 21 22 25 26 28 29
8 9 12 17 19 20 23 24 25 30
2 4 7 9 10 13 16 19 20 21 24 25
1 2 4 7 12 17 18 20 21 22
3 4 7 8 13 17 18 20 21 27
2 3 4 5 10 12 13 15 16 19 25 26 29
1 2 4 5 7 10 17 22 23 26 27 28 29
5 10 15 19 21 25 26 28 29 30
2 3 4 5 8 11 21 29
1 2 4 7 12 14 16 18 19 22 23 26 27 29 30
1 2 5 6 8 11 16 17 21 23 24 27 30
2 5 8 9 11 13 15 21 23 24 25 26
2 4 6 7 11 14 17 20 21 25 26 27
2 3 8 21 22 24 25 27 29 30
4 6 7 8 9 10 11 14 15 16 18 20 23 29
1 2 3 5 8 9 11 16 17 20 21 22 30
2 3 4 6 8 15 18 21 23 26
1 3 5 7 11 13 14 18 20 21 22 23 24 25
1 2 3 4 6 7 10 11 13 14 16 19 23 24 27 28 29
3 4 5 7 10 14 16 25 26
2 3 4 5 7 8 10 14 18 19 20 23 24 29
1 3 14 16 21 22 26 27 29 30
4 5 8 10 11 15 16 17 20 21 22 25 27 30
1 2 5 6 9 15 17 18 20 23 29 30
4 5 6 7 11 12 14 16 17 19 21 22 23 24 25 27 29
3 14 15 17 19 20 21 23 24 25 26 30
2 5 12 14 15 16 17 18 25 26 30
3 4 5 8 9 13 21 26 27 30
3 4 5 6 7 12 14 17 18 20 21 27 28
5 6 9 11 13 14 15 18 19 21 22 28
3 14 15 17 20 23 25 26 28
4 5 6 9 13 14 16 19 26 27 28
10 11 12 14 15 20 23 26 27 28 29 30
2 4 6 7 10 11 17 22 23 27 28 30
5 7 8 12 19 20 21 26 28
5 6 9 10 12 16 18 19 21 22 23 25 29 30
1 2 3 4 6 8 12 13 14 16 19 24 28 30
3 10 11 15 16 17 19 21 24 27 28
2 3 4 8 11 12 14 17 18 23 26 27 28
3 5 11 21 22 27 29 30
1 3 6 9 10 13 17 22 23 25 26 27 28
2 7 9 12 13 20 22 24 25 27 30
1 7 8 9 11 14 16 17 18 19 20 22 23 24 27 28
3 7 8 14 15 16 26 28
1 2 3 5 8 9 14 15 17 18 19 21 24 27 28 30
1 9 17 19 21 22 27
3 6 7 9 10 11 12 14 20 26 28 30
6 13 15 20 21 24 27
2 6 7 10 14 15 17 18 23 30
5 6 7 8 11 14 16 21 22 27
3 6 7 8 9 10 12 17 25
2 5 6 7 8 10 11 13 17 20 22 25 26 27 28 30
6 7 9 13 18 20 21 23 29
3 4 9 11 13 14 16 19 20 22 24 27 29 30
3 14 20 21 24 26 28
2 3 5 6 7 9 13 16 18 24 25 26 28 29
3 6 7 8 9 10 11 12 13 14 15 17 18 21 22
3 6 8 10 15 16 17 25 28 30
3 5 6 7 11 13 14 20 24 25 26 27 28 29
3 4 5 6 10 11 14 18 19 20 21 22 23 28 30
2 8 9 11 14 17 19 20 21 24 26 30
3 8 14 16 17 18 21 25 26 28
1 5 6 8 10 12 14 15 17 20 22 23 24 27 28 29
2 3 7 8 13 16 17 18 22 24 25 29
4 6 7 13 14 15 18 19 22 25 30
3 4 7 12 14 15 17 19 20 21 23 24 26
2 5 8 9 13 17 20 21 26 30
1 6 11 12 16 18 19 28
2 8 9 12 14 19 23 24 29 30
1 3 11 14 18 19 20 21 22 24 25 27 30
1 3 7 9 10 11 12 15 17 18 21 25 28 29
3 6 12 13 14 16 22 24 25 26 27
1 3 4 5 6 7 11 12 13 18 19 20 25 27
4 5 6 7 8 9 12 17 18 21 24 26 27 29
3 5 8 10 11 12 14 17 21 22 24 26
8 13 15 20 21 24 26 27 28 29
1 2 5 6 8 9 10 14 19 23 25 26 27 28
5 6 8 9 10 11 15 18 19 21 22 23 26 27
2 3 5 6 7 8 12 13 20 22 25 26 27 28
1 3 6 10 13 14 16 18 22 24 26
2 3 7 10 11 12 13 14 16 19 21 22 24 25
3 4 7 8 13 16 18 19
1 2 3 6 7 8 13 14 15 19 20 21 22 23 24 27 28
