25
4 7 15
27 28
15 16 26
4 17 18 28
9 11
12 14 25
9 19
22 23 25
8 9 15 21 25
2 16 21
10 18 28
15 16
3 23
7 14 21 23
11 26 29
12 22 25
7 22 23 24 25
1 6 11 20 21 30
12 18 30
2 13 18 26
3 11 14 17 25
8
1
7 30
4 5 11 20
27 28
2 16 25 27
9 20
5 11 28
3 30
12 13 25 28
13 20
4 14
2
3 8 28
1 14 15 27
2 19 23 30
1 2 16 18 20 28
25
1 6 7 28
1 6 27 28
28 29
17 20 22 27
3 16 21 24
7 18 30
1 16 20 23
24 25
3 7 15 24 29
12
5 6
6
16 29 30
10 20
14 15 22 25 29
1 26 29 30
7 28
3 13 18
18 20
29 30
7 10 13 15 20 26
7 12 14 20
7 17 21 23
10 13 15 19 23 26
3
16 22
12 29
3 14 18 22 25
3 26
18 20
1 14 25 26
4 20 23
1 15 24
2 13 28 29
2 16 19 30
5 17 24
3 20 25
9
5 10 16
21 24
3 8 11 14 28
7 24
12
13
2 14 15 23
17 18 21
3 8 14 25
1 3 19
11 14 20
9
1 6 9 13 16 23
5 29
2 5 15 16
7 18 20 21 23
3 10 14
6 11 22 26
1 2 7 12 18 29
24 29
3 4 16 28
10 11 20 24 29
13 17 23
3 9 11 12 23 29
15
29
11 12 13 15 21 26
6 14 20
9 10 17 26
9 10 11 20
7 21 28 29
19
8 16 18 20 22
5 8 16 17 30
14 17
13 15 30
5 18 21
29
5 17 22 23 24
7 15
29
2 4 27
8 19 21 22
6
6 8 26
5 6 7 10
4 14 16 22 24
13 18 29
8 11 12 25 27
14 18 24
2 19 24
6 7 11 18 22
1 28
12 13 30
5 8 29
2 11 13 25 26
22 27
18 22 26
8 11 12 22
9 28
16
15 19 28
1 3 7 12 24
29
3 17 28
2 7 12
23 25 26
8 11 25 28
1 16
12 24 27 30
1 21
2 11 21 29
17
7 10 12 13 21
8 16 22
1 5 8 17 25
6 13 14 28
4 11 12
2 4 24 25
5 11 22 25 28
5 9 20
19 21 26
4 29
13 28
4 7 17 18 20
12 14 25 29
19 28
11
10 24
9 10 11
1 3 11 13
2 18
1 6 8 21 28
2 8 9
20 22
6
2 3 19 23
1 17 24 25 27
3 9 23 29
4 20 23
10 11 14 15 19
9 17
5 10 11 16 18
10 15 18
12 18 24 27
3 8 19 20
10 29
1 19 30
12 18 23
28 29
17 18 20 26 30
7 13
2 3 4 5 10 11 25 26
15 25
13 23 25 28
1 12 13 28
10 25 29
5 10 18 20 21 29
1
13 15 19 30
1 6 19 29 30
8 14
