1 10 14 17 19 20 26 28
7 15 17 24 29
5 8 10 12 19 21 22 23 26 27 28
3 8 9 14 16 21 23 26 27
4 15 19 21 23 27 30
5 6 14 18 20 22 23 30
6 12 14 21 23 26 27 28
4 10 16 17 18 24 26 30
1 4 6 7 8 11 12 13 21 23 25
1 3 5 7 15 17 23 25 27
9 12 14 17 20
3 4 6 7 12 22 25
1 2 3 15 17 21 22 29
7 17 21
3 4 11 15 17 18 19 21 22 23 26
11 15 19 22
1 4 6 7 12 13 22 25 28 30
1 8 9 11 12 22 26 27 29
9 10 15 19 20 21 22 23 24 28
4 19 20 21 22
3 11 16 18 23 25
1 14 21 29 30
8 9 10 12 22 26 29
3 9 17 22 26 30
2 4 8 10 11 14 15 16 18 19 20 24 27 30
3 7 12 14 15 19 21
6 10 12 14 19 24 25 27 28 29 30
5 7 9 11 14 21 23 26 30
1 3 6 14 18 19 20
1 16 19 28 29
1 7 10 11 15 22 25
6 13 14 15 18 26 30
1 3 5 7 8 13 17
2 8 9 12 14 16 28
1 5 13 14 18 20 22 23
1 14
3 5 6 12 17 19
5 9 12 13 18 19 23 24 26 30
5 6 11 13 18 21 28
1 11 12 13 15 16 17 25 29
2 4 11 15 18 22 27
1 5 14 16 18 19 20 28
3 5 9 23 25
9 13 21 23 25 30
4 6 8 9 11 20 28 29
10 11 12 16 21 25
17 24
9 18 25 28
4 16 17 23 24 29
14 21 24
1 2 4 11 13 17 18 22
2 4 11 15 17 19 21
3 5 8 12 13 16 18 21 29
2 4 7 9 10 15 19 21 30
13 17 18 26 28
2 9 18 21 27 29 30
3 5 8 14 18 19
2 5 16 25 28 29 30
6 8 9 12 22
10 15 20 22 23 28 30
2 4 9 11 14 18 20 23 26
1 3 4 6 9 10 11 18 23 24 26 30
8 15 25 27 28
1 4 7 9 11 12 18 20 24 25
8 9 12 21 23 26 28
8 11 23 28 29
8 10 12 15 18 23 29
6 10 13 24 30
3 7 9 10 15 17 19 20 23
4 8 22 26
5 6 7 8 11 18 19 24 29 30
1 5 8 10 17 28 29
5 10 12 15 21 27
7 8 11 12 15 20 23 25
3 7 9 10 11 12 18 19 22 23 27
1 2 3 10 21 22 26
6 8 11 12 17 20 27 28
1 3 5 8 9 10 12 17 18 27
5 7 8 14 18 25 27
3 4 6 13 17 21 22 24
2 7 10 15 17 20 21 27 29 30
2 3 6 8 15 17 18 22 30
2 3 6 9 17 19 21 23 26 30
1 15 16 17 19 20
9 22 24
3 5 10 14 18 24 28 30
2 3 4 10 11 13 22 23 27
1 6 7 19 23 24 27
4 12 16 17 18 22 27
10 20 23 24 26 27 29
2 3 4 17 19 20 23 27 30
1 5 11 12 15 16 17 18 20 22 29 30
4 7 9 11 12 19 20 22
1 9 14 18 19 21 29
3 8 12 17 18 28 29
3 4 10 12 19 22 25 26
6 9 11 15 19 30
2 10 14 16 17 19 21 26 27 30
2 3 4 8 10 12 18 22 23 28
6 7 15 18 26
4 16 25 26 27 30
1 2 4 16 20 25 26 28
4 5 6 10 11 17 20 27 28
10 13 21 29
6 10 13 17 19 26 28 29 30
1 3 10 22 25 27 29
6 7 16 19 23
2 6 7 8 13 14 17 27 28
7 8 10 17
2 5 15 17 20 21 24 26 28 29
5 7 16 17 25 28 30
2 4 6 11 13 14 16 22 25
1 5 9 11 27 28
10 17 18 23 26 28 30
2 6 7 11 13 16 26 28
2 6 12 15 25 26
3 4 16 25 27 29 30
7 10 16 22 27 28 30
1 3 4 9 21 24 29 30
8 11 17 21 29 30
1 2 3 8 9 11 13 23 28 30
1 2 4 5 6 10 12 13 14 25
1 2 6 13 16 20 22 23 24 25
2 7 11 19 21 22 30
7 10 14 15 18 22 24 26 27
7 12 13 15 21 28
1 4 6 7 9 15 16 20 22 23 29
4 5 9 12 16 17 21 23 26 29
2 7 9 12 18 20 27
4 5 19 26 28 29
1 6 19 22 28
2 3 12 17 19 21 23
6 7 11 13 14 15 24 30
1 2 3 5 7 10 12 22 29
4 10 14 21 22 29
2 3 6 7 14 15 17 21 22 26
3 13 14 18 20 22 28
2 4 9 18 19 25
1 2 15 16 19 22 29
2 13 17 18 21 27
5 9 11 17 18 25 26 27
5 22 24
1 2 9 17 24 27
1 6 9 13 16 17 21 29
2 6 15 17 22 23
1 4 16 20 24 29
4 5 6 8 14 18 22 23 24 25 29
4 6 16 18 19 29
3 7 13 14 15 20 21 27 30
5 8 16 23
2 8 10 14 18 22 23 25
2 8 12 14 18 20
5 6 7 8 16 19 22
7 24 29
4 8 11 14 15 16 18 20
1 9 10 14 16 20 23 26 27 28
14 19 28 30
10 17 18 19 20 23 26 29
1 2 7 8 9 17 26
1 3 7 9 11 13 15 21 25
1 15 18 20 25 30
12 16 21 23 26
2 4 8 12 20 24 25 28 29
17 20 25 26 27
4 9 19 27 29
2 5 6 7 10 13 16 22 23 25 26 27 30
5 6 8 9 10 14 15 17 18 20 23 25
1 3 11 19 20 29 30
1 5 7 10 14 17 18 20 22
1 4 9 13 14 18 19 21 25 28
1 3 9 13 21 24 27 28
3 4 7 13 23
4 8 18 22 25 26 27 29 30
1 5 11 15 20 23 30
5 11 14 15 17 22 24
7 10 11 15 19 23
3 4 8 9 19 23 24 25 28 30
6 13 23 27
5 10 16 20 22 30
3 5 8 13 15 16 21 24
5 7 13 16 17 18 19 21 22 28 30
2 7 8 9 13 23 26 28
4 8 13 15 22 25 27
3 7 9 10 17 18 19 20 21 25 29
5 8 11 12 13 20 22 26 30
2 5 6 11 13 16 17 23 24 29
3 4 5 6 7 10 14 19 26 29
6 11 17 20 23
11 27
2 6 12 13 22
3 7 8 9 10 12 13 15 16 17 19 27 28
4 5 6 9 10 13 24 29 30
3 8 19 24 25 27
3 6 11 12 15 18 28
4 6 7 10 13 18 24 27 28
1 4 9 12 13 15 16 24 25 27
1 10 19 25 28
15 18 29
15 16 29
1 4 5 7 13 14 15 17 21 22 24 25 26 27
