3 4 20 24 25 27
4 8 10 15 19 21 24
9
5 8 16 19 27
4 14
29
1 4 12 21 24
6 7 10 15 19 26 27
4 9 25 26 29
12 18
2 7 10
4 22
6 15 21 27 28
1 20 23 25 28 29
2 3 11 16 19
6 7 10 16 17 27 28 29
8 16 28
3 17 30
2 14 17 18 24 27 29
9 16 20
7 8 12 22 27 28
1 4 8 10 12 30
2 24 29
16
5 13 20 24 28
25
9 26
13 16 20 22 24 28 30
3 6 10 15 16 25 26 27
1 7 8 16 21 28 29
2 5 14 17 19 25
13 20 26 28 30
19
23
2 25
7 9 13 14 17 18
3 7 8 9 12 19 26 29
2 6 15 18 20 24 26 27 29
1 18 19 20 24 26
8 11 14 20 22 24 26 28 29 30
4 11 30
3
25 27 30
13 23 28 30
1 7
6 8 10 19 27 30
6 22 28
22
13
5 11 17 19
8 9 12 18 20 25
5 10 16 28
18 19 21 23 27
3 9 13 14 15 25 27 28
5 10 15 26
1 3 4 5 13 15 27
6 7 11 13 17 19 24 29 30
1 5 26 30
4 5 29 30
2 10 14 19 29
6 13
18 19 23
6 9 13 15 16 19 29
1 8 9 14 15 18 23
1 5 6 8 9 15
9 20 26
2 12 17 27 28
1 10 22 28 30
2 3 4 8 11 15
8 12 19 23 24
4 10 13 14 15 23 24
2 6 27
6 9 14
2 5 12 27
17 27
23
2 4 13 14 23 29
1 7 13 17 21 24
3
1 5 17 25 30
12 20 29
2 4 17
5 15 20 22 28 29
11 15 19 26
4 9 14 17 21 23
6 7 23 25 28
14 24
1 11 15 18 20
4 12 15 17 23 27 28 29 30
20 23 26
8 12 15 19 28
8 11 17 18 19 23
4 15
8 9 20 26
12 14 16 23 27
7 12 14 19 27 28
3 5 18 25 28
2 3 9 12 21 23 29
4 6 9 13 16 19 21 23 24
8 22 26
2 3 5 18 26
4 14
5 6 15 23
6 15 16 18 19 21 27
1 15 26 30
3 9 16 21 24
3 4
11 16 17 21 30
2 7 11 24 26
2 15 18 25 27 28 29 30
4 10 13 19 28
13 19 20 25
1 2 12 27
10 13 15 25 28
2 13 14 22 29
14 22 25
2 11 15 18 21 26
10
11 18 22 26
2 6 22
6 16 20 26 29 30
2 22
4 12 16 26
4 6 15 28
5 13 15 18
6 9 16
1 3 13 20 22 29
4 20 25
6 8 19 22 23
7 11 12 22 26
4 5 18
2 3 4 14 20 22
5 10 14 15 18
1 4 7 20
11 26
2 5 11 13 21
18 21
3 23 26 27 28 29
6 7 9 10 14 20 26 28
6 12 13 15 16 19 23 25 29 30
7 8 17 26
6 17 23 25 28 30
19 21
11 13 20
3 13 29
10 22
9 17 20 25 26
4 15 16 26 28 30
1 9 10 16 17 20 26
1 11 14 16 19 27
3 5 18 20 25 26 27
20
2 4 7 15 16 19 23
12 13 23
5 17 26 29
10 20 26 27
3 8 12 16 21 24 30
5 12 13 15 23 29
3 27 28
1 17 29 30
9 10 14 16 30
4 11 12 22 25 26 29
3 4 7 12 21
5 9 10 13 17 19
5 12 28
2 10 13 17 21 27
3 14
13 16
19 29
8 10 17 24
10 15 23
17 21 25 30
3 6 11 17 28
3 6 7 10 21
11 15 26
9 14 16 20 21 23 25
17 27
1 5 13 25
3 6 8 9 16 17 21
14 18 26
4 14
7 9
4 14
9 10 13 15 16 21 26 30
9 17 19 21
12 26
5 9 14 19 21 27
6 8 20 21 25 29
3 7 9 12 18 28
9 18 19
11 12 19 25 29
5 11 13 27
1 4 9 27 29
3 7
8 14
3 10 11 16 29
2 3 10 13 16 18
3 5 8 11 16 18
3 16 18
19 29
