1 3 9 12 16 17 18 19 22 25 28
2 4 9 10 11 12 14 16 18 19 20 22 27 28 29
1 6 12 13 15 16 17 27
2 15 20 21 23 25 27
5 10 11 16 17 18 19 20 24 29 30
9 11 13 19 23 29 30
1 4 7 8 11 18 19 26 30
6 8 11 16 18 30
4 12 13 19 22 26 28
2 4 11 13 15 18 20 22 24 25
5 6 13 14 20 23 24 25 28
2 6 8 10 16 20 24 28 29 30
4 7 10 11 13 15 17 18 25 26 30
4 6 8 12 15 18 22 24
1 2 5 7 9 18 27
1 5 9 12 15 24 26 27 29 30
6 7 14 20 21 22 28 29
3 4 7 8 9 10 12 13 15 18 21 23 24 26 30
4 12 14 17 18 19 23 25 27
5 7 8 11 13 15 16 19 21 25 28
1 4 7 8 11 16 17 18 19 23 29
1 4 5 8 12 18 24 26 27 30
2 3 7 8 10 12 16 18 19 20 22 29
10 15 21 23 28
1 5 9 11 13 28 29 30
2 4 6 7 12 15 16 18 19 21 29
2 6 10 11 12 13 15 18 26 27 29 30
2 5 11 17 28
6 9 11 19 26 28
1 2 6 10 12 16 17 21 22 24 25 26 29
5 6 8 12 15 21 22 23 25 30
2 4 5 9 21 23 24 26 29
1 3 7 9 10 14 18 22 29
2 7 16 17 22 25
8 18 21 22 25 28 29
1 4 5 11 20 22 23 28 29
1 3 6 7 9 11 17 24
2 4 5 8 12 13 15 16 18 24 29
5 6 7 9 10 13 18 23 24 26 28
19 24 28
6 11 12 13 16 24 25 26 29
1 2 6 14 16 25 28
2 9 11 24 27
4 5 6 8 11 12 14 19 21 26
1 2 4 9 16 18 21 23 28 30
3 7 13 14 15 17 20 23 29
1 4 10 11 16 17 19 23 26 29
5 6 7 13 19
6 7 9 11 12 15 20 22 24 26 27 28
11 14 17 22 25 26 27 29
6 7 9 19 20 21 22 24 27
1 4 5 6 7 8 16 19 22 29 30
1 3 4 9 10 15
2 5 7 8 15 16 17 18 21
1 6 8 11 16 17 20 21 22 27
3 4 7 14 16 22 25 28
1 5 8 12 14 15 18 21 24 28 29
2 6 15 22 24 26 29
10 14 15 20 21
3 5 13 15 16 20 21 29 30
1 4 6 8 11 16 21 22 23 26 28 30
11 12 13 21 28 29
2 9 10 16 17 18 20 21 28 30
1 4 8 9 13 14 24 25
1 5 8 9 11 13 14 16 19 23 24 27
4 8 9 14 15 18 22 26 29
1 5 6 8 9 12 23 28
1 5 9 17 19 23 24 29
1 6 10 21 23 26 27
7 9 13 14 19 22 24 25 26 30
2 3 6 10 15 17 18 23 26 27 28 30
4 6 9 11 12 15 16 19 20 22 23 24 28 29
3 4 9 10 12 23 24 30
2 8 9 15 16 18 20 21 23 24 25 30
6 7 17 18 19
3 9 15
1 2 4 5 20 27
1 2 4 6 17 18
1 2 5 9 11 14 15 20 21 25 27
7 9 13 19 24
8 10 13 17 21 24 29 30
1 3 4 6 7 11 12 15 18 19 27 28 30
1 4 10 11 17 18 20 21 22 27
3 12 14 16 18 24 26 27
1 3 11 12 13 15 18 19 23
8 11 12 15 16 18 20 21 23 24 27
9 10 13 21 25 28 29
5 8 13 22 29 30
7 10 12 14 15 16 18 20 29
1 2 3 5 8 10 13 15 24 25
12 13 15 16 17 20 24 27 28 30
2 5 10 11 12 13 14 20 23 26
6 7 8 10 11 18 21 22 23 26 28 29
1 3 12 14 16 19 21 22 26 29 30
5 8 11 16 27 29
2 5 6 7 8 9 10 14 16 18 28 29
1 3 7 12 16 20 21 26
1 2 3 5 12 14 19 20 21 22 30
1 2 7 9 11 12 14 16 17 20 23 24 26 27
1 2 8 11 12 14 15 16 19 28 29
7 10 13 25 28
6 8 10 13 16 19 23 29
7 9 12 14 16 18 19 24 27 29
2 3 5 27
1 5 8 13 23 25 27 28
3 6 10 11 13 17 19
9 16 17 24 27
2 4 7 8 10 14 15 16 29
2 7 14 16 19 26
1 6 7 12 20 22 27 29
2 4 10 15 17 20 24 29 30
8 9 11 16 17 18 21 23 25 27 30
7 10 12 13 14 20 24 26 30
5 7 9 10 11 13 16 21 22 23 30
8 10 16 17 21 26 27
1 5 6 7 8 10 15 20 23 28 30
5 6 7 14 16 18 20 22 29
6 7 19 26 29 30
2 3 5 6 10 11 15 18 23 25 27
2 3 5 13 15 17 27 30
1 4 6 8 13 14 15 18 20 22 25 29
1 3 4 7 9 10 11 12 13 14 16 19 21 26 28 29
3 4 5 8 13 16 20 22 24 26 27 29
2 15 16 17 22 23 26
1 4 6 14 15 16 17 18 20 21 23 24
13 17 18 21 26
3 4 7 11 15 18 24
1 8 12 17 20 25 27 28
3 9 13 27
1 3 11 16 17 18 21 24 25
1 3 5 6 7 11 17 19 21 26 29
1 2 4 7 9 11 13 23 28
4 15 16 17 18
4 8 10 11 13 24 25
2 5 9 11 16 19 20 24 30
1 2 5 7 15 19 26 28
2 5 7 13 14 16 17 23 25 27
2 3 6 8 10 11 13 16 19 20 24 27 28
3 11 14 15 16 24 25 26
2 6 8 13 17 18 26 30
1 2 8 10 15 18 26 27 28 29
8 10 13 19 20 21 24 29 30
6 10 13 14 19 20 22 27 28 30
1 7 11 17 28
2 3 7 8 9 15 16 17 19 21 22 29
7 8 10 12 19 20 22 23 26
4 11 16 18 19 20 23 26 27 28
4 11 12 19 21 24 26 29
3 5 8 11 13 15 17 22 25
1 5 6 10 15 16 17 19 21 28 29 30
2 5 11 12 13 16 19 20 22 26 28
7 9 10 11 14 15 16 19 22 23 24 26
7 9 24 26 27 28 29 30
1 4 6 8 10 12 13 14 18 21 23 27
1 7 16 17 19 21 22 27 28
1 2 4 10 11 17 20 23 25 29
9 10 26 30
1 2 5 7 11 15 21 29 30
7 9 22 25 26
3 8 16 18 22 23 25 26 29
6 9 10 11 16 18 20 23 28 29
1 5 7 8 9 11 12 15 17 22 24 28 30
9 11 18 19 20 22 24 27 28 29
4 7 8 11 13 14 15 20 22 24 27 28
1 2 5 6 9 10 16 18 20 26 27 28 29
1 6 8 10 16 17 20 27 29
5 13 19 20 21 25 29 30
3 6 24 25 26 29
3 4 7 8 11 16 18 19 25 27
2 6 12 13 14 18 19 21 22 25 26 30
1 3 4 11 13 14 22 24 25 28
2 6 10 19 20 21 22 23 24 27 29 30
1 2 11 13 14 15 19 20 28
6 8 11 12 13 21 23 26 27 28
2 4 5 13 14 15 16 17 21 23 27 28 30
4 16 19 21 26
1 9 15 20 21 27 28
3 6 10 14 22 24 27
1 3 11 17 18 21 24 25 26
5 12 22 23 25
7 9 11 12 13 16 18 20 26 29 30
18 19 24 26 30
4 8 12 21 28
5 6 7 10 11 19 24 29
1 2 4 5 10 11 15 19 20 22 29
4 5 8 9 16 18 20 21 23 28 30
3 5 6 7 8 13 14 15 24 30
4 5 10 24 25 27
3 8 11 16 17 19 20 23 25 30
3 5 6 9 10 12 14 17 19 27 29
4 14 19 28
4 13 20 21 23 26 27
6 7 8 12 15 16 17 20 30
6 14 17 19 22 24 25 27 28 30
6 14 19 22 24 25 29
1 10 21 22 25 26
1 5 6 7 8 11 16 17 26
7 8 16 24 28
1 2 5 11 12 13 17 21 25 26 27 28 29
3 5 8 12 15 16 27 28 29
