3 13 23
13
10 18
14 21 22
17
23
3 27
8
17 22
2 25
9 25
2 23
26
1
1 10 27
3 11
11 15
8
9
7
8
17
8 10
13 29
6 18 27
1 12 13 15
24
5 11 17 18 23 24
16 18
12 17
3
2 17
7 14 19 20
3 9
5
8 18
8 16
9 11 20
1
15
6 29
15
23
23
9
17
13
9 14
3 28
15 20
15 24
29
4 5 10 17 19 26
19
5 24
1
28
6
5 13 14
15 23 29
14 17
13 25
18
28
4
3 23
23
15 24
3 13 19
5
8 11
20 28
11
12 25
13 19
22
10 23
19 25 28
21
28
23
2 16 30
28
5 18
21
6
24
7 29
8
13 20
13
2 22 24
16 19
8 22 25
3 8 9 25 28
4 12
16
21 24 27
16 29
9 28
7 11 26
6 7
1 9
22
2 16
7
6 19 29 30
7
5 14 20
4 5 29
11 19
5
9 14 16
6 18 27
17
3 14 27
11
2
22 23 30
8
4 5 13
22
21 24
18
1 13 30
5 21
21
1 19
9 30
16 30
12 23
8
27
14 20 21
8 29
15
15
8
25
17
12 26
17 19 21
19 20
11 22
10 12 21
8 18 21
26
6 10 20
2
7 24
27
20
22
1 3
19
17 28
23 25
3 6
3 8 10
3 22
27
17 23
9
11 28
1 17
4 5 18
18
1 15
14 24 28
10 13 24 25 26
5
12
16 19
16 18
6 10
6 29
14
27
30
9 15 25
2 15 21
2 28
25
2 3 4
2
30
13
12
4
3
13 15 24
17 22
3 15 25
28
28
19 28
4 16 26
18
17
10
