25
11
2 18
17
12 17 24
5 19 25 27
6 9 26 29 30
8 12
11 29 30
16 30
9 26
3 9 19
7
4 8 20 24 30
7
3 8 18 19
3 14 18 27
19 30
19 21 25
15 19
2 9 17 21
17
6 17 19 21 26 30
2 4 23 30
10 13 29
1 10 20
13 18 25 27 29
5 11 21
3 14
5 6 8 16 26
16 21
7 28
3 13 16 18 28
5 18 19 28
5 15 28 29
2 7 14 15 18 29
6 9 12 26
1 3 13 22 27
6 8 16 18 23 24
5 6 7 22 24
3 6
8 19 27
3 6 15 24
13 28
16 20 21 22 24 25 27
24 28
9
3 6 24 25 27
1 11 12
8 24 27
17 21 30
6 19 27 28
18 22 26
6 14 19
2 13 28
10 13 14 19 21
3
19 23
5 10 18 19 23 27
4 7 13
1 6 14 22 23 26
20
6 25 26 27
2 9 10 11 24
5 7
10
1 4 7 17
3 15 17 26
7 19 23
13
2 4 7 16 21 29
7 9 30
1 2 4 5 21 22 28 29
5 6 11 18 29
18
29
9 13 19
13 14 20
3 8 11 13 16 29
6 9 13 20 22 23
19 22 28
11 15
21
6 7 8 13 14 17
3 6 8 11 16
1 14
1 11
1 5 12 16 24 27
1 7 10 24
9 17
1 4 18 23 28
4 19 21 26
5 14 18
21 26 28
4 19
6
29
6 8 16 18 21
8 10 12 18 21 26
1 4 15 18 22 28
7 29
6 11 14 15 27
12
4 5
4 14 22
12
3 5 14 19
15 18 21
3 4
8 27
1 8 19
3 26
18 21
8 15 16 23
3 27
11 15 24 25 30
5 14 23 24
13
6 7 11 17 22
9 13 15 19
28
6 9
4 9 10 22 29
7 21 29
29 30
6
15
1
12 13 22 24
25 28
3 4
18 23
1 13 14 15 26
5 14 18 28
10
4 11 13
22 27
6 11 25 27
26 28
1 3 15 21
17 26 28 29
7 26
6 7 24
16 20 28
5 8
10 11 17 23 28
6 9 14
3 18 24
2 9 26 27
8 14 15 18 30
6 8 12
9 13 18
2 14 17 26
8 16 26 27 30
12 17 25
9
11
22 23
16 29
9 26 28
2 14 15 30
4 6 8 16 30
3 26 29
4 18 19
17
17 27
3 9 14 25
1 12 16 21
6
6 10 20 23
7 25
2
7 12 16 23 26 27 28
1 3 8 12
10 20 22 27 28 29
10 16
23 28
2 4 5 7 13 27
13 18 26
12 21 25
3 11 20
16 17 22
10 13 16 17
4 10 28
1 8 11 15
15
17 19 21 27
19 29
8 10
1 8 21 22 28
9 15 22 25
1 14 29
4 13 21 22
19
11 20 21 28
12 14 20 26 27
1 9 11 16 28
15 25 30
12 27 29
16 18 23 24 27
