1 9 13 21 22
5 6 8 9 12 14 26 27
7 11 14 18 21 25 26
3 4 5 8 9 11 15 18 19 20 23 25 26
16
4 7 11 26 27 30
2 9 10 13 14 16 20 22 23 24 27 29
8 10 12 13 17 20 21 23 26
16 17 21
12 13 14 16 17 18 19 22 23 25
8 14 15 19
9 12 17 18 22 23
2 6 8 9 13 16 21 24 29
3 8 12 13 17 19 25 29
1 14 15 19 20 24 28
2 4 9 13 14 19 29 30
5 10 11 14 17 23 25
2 7 10 13 14 16 17 23
3 7 12 16 17 19 27 29
8 14 15 19 20
4 5 6
8 14 16 23 24
1 2 3 5 11 17 18 19 20 29
10 12 19 20 24 25 30
6 10 14 17 20 24 27 28
1 7 10 12 14 15 20 21 24 27
6 14 18 19 22 24 26 27 30
2 4 6 7 10 15 20 24
5 6 16 24 27 29 30
4 8 12 14 15 19 20 22 24
3 4 16 19 21 24 25 26 29
3 5 14 21 24 26 30
2 10 15 18 21 23 27 28
4 6 13 19 21 22 23
3 5 6 7 8 12 16 22 23 26
1 4 11 12 16 17 22 28 30
1 9 10 23 24 28
2 3 5 9 11 14 15 16 17 26 27
1 4 8 13 14 15 19 28
3 5 6 11 12 13 25
4 5 6 13 23 28
5 6 7 8 14 17 18 24 25 27 29
10 16 22 26 28 29
3 18 19 20 23 24
2 3 5 9 18 24 27
7 8 12 16 18 20 27 28
1 5 6 12 13 26 27 28
6 7 8 10 16 17 19 26 30
24 25 28
11 16 20 22
6 7 9 13 20 21 22 24 26 30
5 15 16 22 25 29
6 12 13 20 24 29
4 7 14 20 25 27 30
1 2 4 9 11 13 14 17 22 23 26
3 4 6 8 9 11 15 19 23 27
3 7 9 19 21
3 6 17 22
6 7 11 12 15 22 24 26 27
4 10 21 24 29
1 4 5 6 8 10 13 15 20 30
4 6 9 11 12 15 18 21 27 29
2 4 5 7 8 17 19 22 24
2 11 16 18 20 21 28
3 5 7 9 17 19 20 21 26
3 7 9 11 13 16 19 25
2 4 5 10 12 13 14 15 18 19 27 29
1 5 6 8 14 16 20 22 25
2 7 8 10 13 19 25
2 9 17 19 21 27 30
1 5 10 12 14 15 18 22 27
1 4 8 11 12 17 23 24 30
5 6 11 12 14 23 25 28 30
2 10 17 20 27
7 10 12 19 20 28
9 12 17 18 20 21 24 25 28
6 7 8 11 19 21 25 29
9 11 17 27
5 10 20 21 22 23 25 26
2 3 4 13 21 22 25 29
1 5 8 11 19 23 25 28 30
2 8 13 16 24
7 15 16 17 28 30
1 7 11 17 26
13 14 18 23
13 14 20 25 26 29
7 10 19
2 4 8 16 18 19 20 23 24 28
4 6 7 8 11 15 25
4 12 16 27
3 5 6 9 11 17 23 26 30
8 15 18 19 20 21 25 30
3 5 11 14 17 18 22 26 27
4 6 8 13 14 15 16 17 19 23 24
4 10 11 15 22 25
4 9 18 19 25
2 11 13 15 20 28
7 10 17 19 24 25 30
1 2 12 16 23 30
12 17 19 21 30
1 3 7 10 13 21 22 28 29
11 14 25 30
1 2 14 21 22 23 26 27 30
1 3 5 6 9 19 20 23 28
1 3 4 5 11 15 20 28 30
2 5 10 27 29
1 6 7 10 15 17 24 28 30
2 8 10 11 12 17 20 21 27 30
4 10 14 18 20 23 27 28 29
3 8 17 25
2 6 10 11 12 15 20 24
1 2 6 14 17 20 24 29
1 4 7 9 14 19 22 23 30
1 4 8 11 16 25 28 30
2 7 8 19 21 22 23 26 29
2 16 24
2 8 11 14 23 25 29
2 5 12 13 16 17
1 4 6 13 15 20 25 29
10 12 22 23
20 23 25 27 30
5 6 7 11 12 13 15 18 19 21 22 24 25 26 27
3 11 13 16 19
2 7 9 18 23 30
25
3 5 14 22 28 29
9 10 11 14 18 20 22 26 28
6 16 19 23 25 26 29
1 2 4 8 10 17 21 26
1 5 7 8 11 14 16 17 19
1 3 4 5 8 12 17 21
2 5 8 17 18 22
2 5 7 8 13 14 19
1 5 6 8 10 11 20 28 30
3 6 8 10 14 15 16 19 27
4 7 11 13 21 30
2 5 9 12 14 17 20 21 22 23 30
1 5 6 12 14 19 24 26
3 14 22 24 25 26 28
4 10 11 15 18 20 24 28 30
6 10 14 16 20 25 26
6 9 12 14 17 24 25 26 27 30
3 10 16 17 18 25
3 6 7 21 27
11 13 16 18 22 23 24
2 4 6 10 16 30
1 6 7 22 29
1 2 6 13 14 16 20 22 25 28 29
5 13 18 19 22 24 25 29 30
2 3 4 16 18 19 23 28
1 6 8 14 22 24 26 28 30
1 5 6 10 15 16 24 25 26 28 30
1 2 6 16 19
6 7 8 9 18 24
3 6 7 8 9 10 23 26 28
1 4 5 8 11 12 24 29
4 6 7 13 14 15 26 28 29 30
2 6 7 11 12 14 22 23 26 27
2 6 7 11 14 23 26 27
2 3 12 14 17 21 22 23 25 28
3 6 10 11 15 25 28
5 11 13 28 30
2 3 4 6 7 8 10 12 14 15 17 18 20 24 25
1 2 8 14 16 18 24 25
6 9 15 19 28
3 6 7 10 13 16 20 22 24 25 27 29 30
1 3 9 10 27
3 12 14 15 23 28
5 8 11 14 15 17 20 21 23 27
1 3 9 11 21 27 28 29
6 8 12 14 16 20 23
1 7 24 26 30
1 2 4 10 12 13 14 21 23 28 29
7 10 18 19 23 25 26
1 2 3 5 8 13 14 22 28
4 7 12 13 21 26 28 30
7 16 20 26 28 30
3 4 11 16 17 20 25 26 29
1 7 9 10 11 13 17 20 24 26 27
1 7 10 12 14 20 22 25 28 29 30
3 5 16 18 28
1 6 18 20 26
5 11 14 18 21 24 27
4 5 11 14 15 19 21 22 24 28 29
13 14 22 29 30
5 8 10 11 12 19 25 26 28 30
7 15 22 25 26 28
3 4 5 7 10 18 22 27 28
5 11 14 15 17 19 20 25 26
1 4 7 10 11 18 23 24
3 5 7 17 20 23 25 30
6 7 10 17 18 19 24 28 29
9 11 12 14 16 17 19 20 22 23
2 16 20 21 23 28 29
1 11 15 30
2 3 6 8 10 11 13 23 27 28 30
6 14 17 20 21 25 26
11 17 25 27
4 5 7 9 10 15 18
1 3 4 5 7 9 14 15 19 30
