9 12 16 22
1 3 7 14 21 22
4 5
2 14 17 28 29
3 12 16 18 20 21 26
5 9 18 20 21 26 27 30
4 14 17 24 30
1 16 27
2 4 5 19 23 28
12 14 26
2 8 9 11 13 14 15 24
3 5 17 19 20 23 27 28
7 13 14 17 20 22 27
1 12 15
17 22
2 3 21 25 26
4 5 11 15 21 22 25 28 30
3
1 3 7 15 18 21 23
2 11 13 15 16 17 27 29
2 4 5 7 15 17 26 28
16 20 23 30
7 10 13 14 21 24 25
4 15 17 18 21 25 26
2 5 24 30
1 5 6 9 13 19 21
5 9 11 12 16 18 28 30
3 4 6 21 27
2 7 14 25
1 6 12 28
1 5 6 7 17 22 27
1 12 23
4 10 15 24
1 3 5 15 17 18 19 22
2 4 7 15 17 19 27 28
2 4 11 18 22 28 29
17 20 25 27
2 8 11 12 13 18 20 21 24 28
3 9 15 21 29
1 24 26
5 7 9 13 14 18 21
5 9 14 16 18 21 25 26 29
6 9 11 18 23 24 28
2 4 5 6 8 10 12 19 24 28
4 5 7 26 27 28 30
4 5 6 18 19 26 29 30
1 2 4 7 14 28
10 14 18 22 23 27
2 6 7 8 9 16 21 26
10 11 18
3 5 10 11 15 21 24
1 7 10 11 13 14 21
5 12 22
4 9 14 18 26
7 9 10 14 15 16 19 22 24
1 3 4 9 16 21 29
1 3 4 8 15 17 27 30
5 17 18 22 26
3 8 12 16 17 20 21
1 6 9 11 12 17 19 20 21
7 11 16 19 24
3 12 13 16 25
6 12 18 26 28
8 11 14 21 22
7 9 14 15 18 29 30
1 3 4 7 15 16
3 6 14 18 19 20 30
1 4 14 15 28 30
3 11 22 28
6 7 11 13 16 23 27
3 7 11 21 27
8 13 17 18 21 23 26
10 19 29 30
4 16 20 24 28
3 4 7 9 11 25 26 29
5 10 23 25 30
16 18 24
17 19 26 28
9 17
8 18 20
11 13 27 29 30
3 8 13 15 16 17 19 20 27 30
4 5 7 14
3 4 13 26
20 23 27 28
2 9 22 24 26 30
1 3 5 15 16 23
8 14 19 23 24 27 30
2 6 12 13
2 6 12 20 22 28 30
6 7 12 15 25 30
4 5 14 15 16 21 22 23 25
5 6 9 10 16 18 22 23 26 27 29
3 8 12 14 16 17 18 22 23 28
2 3 5 12 13 15 16 18 20 22 24
3 9 10 26 27
14 15 19 20 21 22 26
5 6 8 9 22 30
1 8 10 20 30
2 5 6 10 12 15 16 21 22 24
2 3 4 11 20 23 24 29
2 7 11 16 30
1 3 11 13 14 16 21 23 26
5 9 15 24
2 7
1 3 5 8 11 18 19 22 25
6 7 8 10 17 29 30
3 4 9 14 15 16 17 19 25
13 14 15 29
8 16 20 22 29
3 5 19 26 28
1 22 23
3 12 14
2 7 11 16 19 23
2 6 9 12 13 16 20 21 30
10 19 24 25 28
19 24 29
17 22 24 26 29
6 10 17 20 24
5 12 13 22 24
1 4 7 8 12 14 23 28 29
9 11 13 16 19 21 26 28 29 30
6 7 17
10 11 13 15 16 28
2 3 10 14 15 16 17 18 22 26
10 12 28 29
1 4 5 6 10 11 12 19 22 30
3 12 16 23 30
3 11 12 20 29
6 10 19 25 29
1 8 10 12 17 21
3 12 15 16 21 23 28
2 4 7 12 13 25
8 9 17 19 23
3 15 29
3 7 14 15 16 30
6 10 20
1 6 9 14 15 17 27
4 12 24 26
1 15 17
2 12 18 26
5 6 8 13 16 22 25 26 27
18 24 29
7 9 14 30
1 15 27 28
5 10 13 18 19 22 25 26 29
5 9 15 18 19 22 26 27
2 3 6 26 29
1 7 12 13 14 23 25 26 29 30
8 14 15 16 18 28 29
5 7 13 20 21 25 27
1 3 7 9 12 13 16 21 25 27
4 11 23 26
1 2 3 6 15 19 20
1 4 7 19 28
5 11 17 26
1 8 14 27 28 30
3 4 16 28 29 30
1 11 15 19 22
2 16 17 20 21
2 6 9 20 22 29
8 19 22 24 26 27 29
3 6 10 12 15 26 27 28 29
6 10 11 16 22 25 28 30
1 9 10 14 19 21 23
8 9 16 18 21 24 29
14 16 17 25 26
1 11 13 22 26 27
1 2 5 7 14 23 25 29
1 6 13 22 27 28
1 14 16 19 20 21 26
4 16 23
8 20 23 29 30
6 8 10
2 10 19 20 24 25 28 30
10 15 16 25 26 27
3 6 8 9 13 24 26
5 6 8 12 17 19 22 23
4 9
7 15 18 25 28 29
2 9 10 12 14 17 19 22 27
1 5 7 8 9 11 22
3 19 24 26
4 9 13 19 22 29
5 6 9 10 11 23 28 29 30
15 17
3 7 9 11 19 20 21 22
4 5 7 14 24 28 30
2 6 11 15 18 19 20 28
1 2 3 5 8 9 18 19 22 26
5 6 9 12 15 17
1 13 28
10 11 13 20 26 27
12 17 18
3 8 10 14 17 18
5 11 12 13 14 15 18 22 23 26 28
1 8 10 12 15 16 17 23 24 26
9 24 26 28
2 3 22 23 26 30
2 4 8 11 17 19 20 25
