2 8 14 16 17 23 28
14 19 24
19 22 24
4 6 28 30
2 10 12 21
6 10 12 19
1 4 7 15 16 30
1 3 12 17 18 19 20 25 26 30
4 5 8 19 21
25 26 28
3 15 17 21 24 26 27 28
7 13 25 27
1 2 22 27
1 4 10 14 21 22
28
5 7 10 14 20 28
6 7 10 14 19 23 28
15
1 5
7 14 15 23 25
1 14 16 20 28 29 30
7 12 27 29
4 9 22 24 29
12
5 8 15 17 18 28
5 7 18
13 14 21 28
1 19 20 25
1 4 8 13 28
1
13 18 25 28
12 19 22 29
6 10 14 15 18 23
11
7 9 11 13 14
22 23 26
17 23
15 21 30
19 23
4 6 7 11 24 25
3 22 23
7 8
16 18 25 27
3 13 15 24 25 26
10 25 27
7 24 27
3 5
5 17 25 26
3 7 12 16 18 25 28
8 15 19
7 8 12 15 16 20
6 12 17 20 25
1 9 20
1 5 20 29
3 5
12 15 21 25 28
1 5 20 27
5 8 19 26
1 6 9 11 19 22
4 7 11 14 19 24 27
10 12 18
16 18 20 25
12 13 19 27
6 10 16 26
3 4 10 11 17
8 10 12 23
1 2 16 28
7 8
13 14
11 12 19
8 15 16 20 25 26 29
3 13 20 24 26 28
2 13 27
1 2 14 19 24 27
3 11 12 13
7 9 11 13 25
6 10 16 17 21
3 9 13 26
3 7 11 13 22 26
10 15 25
28 30
1 9 16 21 27 30
2 4 8 10 15 20 30
5 25
21 27 30
4 20 22 27 29
3 5 10 23 28
24 26 27
2 8 10 12 15 18 19 20 29
1 2 3 13 25 28
3 23 28
11 13 15 17 20 22
2 9 12 15 24 25
24 27
1 2 13 29
1 4 14
2 4 6 17 22
10 18 26
2 8 9 16 22 29
7 8 12 29 30
5 18 23
1 17 22 23 29 30
9 11
8 9 11 18 22 23 26
4 13 17 18 21
2 5 12 28 29
4
1 3
1 7 11 13 19 22 23 27 29
12 19
5 6 22
3 12 18 20 21 25 28 29
6 7 11 14 16 18 19 21
4 26 28 30
9 12 13 16 19 21 25 30
14 30
13 15
2 3 4 26 30
12 19 23
7 8 10 14 18 26 30
3 10 15 17 20 21 22 23
11 23 25 28 29
5 15 21 25
14 28 30
14 22 27
10 23 27 29
2 14 17 20 21 23
2 12 14 26
7 11 21 23 25 27
3 8 11 16
3 8 15 17 24 25
16 22 29 30
10 13 16 17 23 24
14 26 27 29
3 12 22 28
3 16 22
2 13 14 16 24 26
3 12 13 15 16 24 29 30
8 10 23 24
2 3 22 23
5 6 20 21 22 29 30
11 14 25
4 7 11 17 20
3 6 12 14 23 26 27
11 15 21 25
14 19
13 17 18 20
6 12 20 25 26 30
13 15 22 27
4 10 30
6 12 19
6 10 13 15 17 24
12 14 16 19 27 29
4 20
8 11 13 16 17 18 27
1 4 7 20 25
6 27 28
10 13 27
3 9 11 24 28
4 9 10 12 22 28
6 9 19 24
3 9 14 29
1
15 27 29
1 8 15 16 30
10 11 16
8 14 21 26 27 28 30
1 21 28 29
1 13 22 28 30
2 3 10 12 16 25 27
6 10 19 20 21 23
1 2 7 15 18 19 24
6 17 20 23 25
1 12 19 22 26 28
4 25 27
18 25 30
10 15 21 23 27 30
9 16 17 22
7 13 18 24 26 30
4 12 14 25 26
22
9 18 20 30
9 13 18 19
8 15 21
7 19
4 15 18 24 27 28
1 20 22
5 6 7 18 30
5 19 22
4 6 10 13 16 26
3 5 8 20 25
3 7 8 14 15 18 20 23 28
12
2 14 19
11 25
2 3 4 10 16 18 21
7 10 12 23
1 2 11 15 17
4 10 27 29
19 27
