2 3 7 9 10 11 16 18 19 20 22 23 24 25 26 29
1 2 7 8 16 19 20 22 23
4 5 8 10 13 15 16 18 20 28 29 30
2 3 6 21 22 27 28 29
2 10 11 14 18 24 25 27 30
1 5 6 13 15 17 18 19 21 22
2 5 9 10 12 15 16 17 24 26 27 28 30
3 7 15 16 19 20
2 3 5 6 8 9 11 18 19 27 30
1 3 9 11 14 15 18 19 21 25
9 14 20 21 22 25 28
5 6 9 12 18 27 28
2 5 7 15 16 19 20 21 25 27 28 30
1 3 11 19 20 22 26
1 4 6 8 9 12 14 15 16 19 22 29
6 7 16 18 22 23 27 28
2 6 12 14 17 23 25 26 28 29
2 3 7 8 15 19 26
1 3 4 5 8 10 11 13 18 19 23 27 28 30
5 9 14 15 19 20 21 24 28 30
1 3 8 10 11 12 16 17 23 28
3 18 19 23 26 27
8 11 27
1 4 5 9 17 19 26 28 30
3 5 10 14 20 21 24 25 30
7 8 9 19 20 21 24
3 6 10 19 21 22 23 30
4 6 7 12 13 15 18 22 25
12 13 17 18 21 22 24 27
1 2 3 4 6 9 12 14 18 19 20 22 25 26
3 4 6 8 10 12 13 14 15 16 21 26 28
6 10 12 13 22 24 25
8 9 10 11 18 20 22 27 28 30
1 5 6 7 19 21 28 29
5 7 8 9 10 15 16 17 19 22 23 24 30
3 6 10 11 14 16 17 21 28 30
3 16 23 24 25 28
4 9 14 20 26 29 30
1 4 6 9 12 16 19 22 23 25 26 27 28
7 11 15 17 18 19 20 21 22 23 24 28 29 30
12 15 26 28
6 9 13 15 17 20 21 25 26 28 29
2 5 6 8 16 17 18 26 28 29
1 3 9 16 22 24 25
3 4 5 7 8 9 10 15 18 21 24 28
8 14 16 19 21 23 24 25 28 29 30
2 6 12 14 15 20 23 25 30
8 9 11 17 19 25
1 4 14 22 26 27 28
1 6 8 13 14 18 22 23 24 28 29 30
1 3 4 7 11 13 15 17 19 22 23 29
1 4 7 12 16 18 24 25 29
3 6 9 13 19 22 24 25
2 5 11 15 16 18 19 24 25 26 28
1 2 7 11 14 17 20 22 24 25
2 5 6 8 12 13 16 17 19 20 21 27 28
1 5 11 14 15 19 20 23 25 29
14 20 26 28
1 3 4 6 18 23 30
1 7 12 14 19 23 25 28 30
3 6 8 15 16 19 22 24
2 11 15 17 22 27 28
1 5 6 11 18 23 24 25 26 27
10 16 17 19 24 29
13 22 25 28
8 11 12 13 15 16 20 22 25 29
8 16 17 18 20 21 25 28
4 6 11 12 13 19 20 23 25 29
6 12 15 20 22 26
1 2 4 5 8 11 16 18 19 24 25 29 30
1 2 6 7 9 10 13 16 18 25 26 27 28
1 2 12 14 17 18 19 20 25 26
6 10 16 21 22 23 24
3 6 14 18 23 25
1 2 13 16 22 29
3 5 6 10 15
3 4 7 9 10 11 13 15 16 17 27 29
11 12 14 17 18 19 20 24 29 30
2 6 7 10 11 12 18 20 21 27 30
4 10 11 13 24 30
3 5 7 8 9 16 21 22 27
2 3 10 11 16 17 18 19 29
2 4 8 12 13 17 19 23 27
2 5 6 19 25
1 2 4 9 18 19 21 25 26 29 30
1 4 9 17 20 21 22 27 28
4 5 6 8 9 11 13 20 25 26 27
1 8 10 14 18 22 23 24 28 29
1 3 5 6 7 8 13 25 26 27
1 4 6 8 12 13 28 29
6 7 12 15 18 21 22 23
1 2 14 23 25 26 29
2 9 10 17
1 4 6 11 26 29
2 5 8 10 12 14 17 23 25
2 17 19 26 29
4 7 8 19 21 28
1 2 5 9 13 14 20 27 28 30
3 7 18 22 24 25 26
1 2 4 7 11 25 28 29 30
1 2 4 6 7 8 15 19 20 21 24 27
3 6 9 12 15 22 25 27
2 4 7 8 9 14 16 19 20 22 25
1 2 4 7 10 12 14 20 28
1 2 6 9 10 16 19 23 29
2 3 9 10 11 13 15 19 20 22 27 28 29 30
1 5 11 14 17 18 20 23 25 26 28 30
1 4 13 14 15 18 19 21 25 28
4 5 6 13 22 24
2 4 9 15 19 23 25 27
6 7 12 17 22 27 29
4 10 15 22 24 28
2 5 6 9 11 12 25 26 29 30
1 6 9 11 16 18 26 28 30
1 2 3 4 6 10 16 19 21 26
8 12 17 19 22 24 29
3 4 6 11 12 13 14 17 19 20 21 24 26
14 16 22 23 24 27 29
2 16 25 27 30
1 7 11 22 29
1 2 3 5 7 8 20 23 24 28
2 10 14 15 19 21 23 26 27
1 5 6 7 11 14 16 18 19
1 4 11 21 23 27
3 4 8 9 14 26 28 29
3 4 8 17 22 23 24
6 8 9 13 15 16 17 23 26 30
3 7 9 10 12 13 14 17 20 24 25 30
1 2 5 10 11 12 20 22 25 26 27 30
3 7 8 12 21 23 29
3 4 6 8 16 27
2 7 10 12 15 17 23 25
3 16 17 18 22 23 25 29
1 3 6 10 17 18 19 24 25
2 6 13 20 21 28 29 30
2 6 10 13 14 18 27 28 30
1 2 7 8 9 15 21 25
3 11 15 17 18 22 23 29 30
4 7 10 15 19 22 29
8 15 16 19 21 25 26 28 29
4 10 13 16 17 18 24 28
1 5 8 13 14 18 22 27
3 4 5 7 8 9 16 17 19 21 23 24 25 30
1 3 6 12 17 22 28
1 6 11 13 23 24 25 26 27 29 30
4 6 11 12 15 16 26
3 6 11 17 19
8 11 18 20 23 26 28
2 3 9 11 12 17 20 27 28
5 11 17 20 26 28
4 6 8 12 15 16 24 25 26 27 28
5 6 20 22 26
1 2 7 17 18 20
1 5 11 16 23 25 29
3 9 11 12 13 14 16 17 19 20 25 26 29
10 13 18 20 24 26 29
1 7 10 15 18 20 21 27
1 4 10 14 18 21 23 28
2 3 4 17 18 20 21 23 27
4 8 19 23 25
4 6 8 12 15 18 19 25 26
4 12 16 24 25 27
1 2 3 4 5 6 9 11 15 17 22 24 28
4 13 14 26 28 30
3 8 11 19 20 23 26 30
2 6 8 12 15 19 20 23 24 25 27 28
4 9 12 15 16 26 30
6 8 10 12 13 14 17 20 26 27 28 29 30
2 5 6 8 14 20 28 30
2 10 11 14 15 22 24 29
1 4 8 14 18 19 22 23 24 25 27 28
1 2 3 5 6 9 10 13 14 17 19 29
9 16 17 22 23 29
4 7 8 10 12 15 17 18 24 25 26 27 28 30
8 10 19 23 26 27
2 3 5 10 12 13 14 15 22 23 26 27 28 29 30
8 15 16 17 19 21 23 27 28
7 8 10 13 14 26
1 13 14 15 17 19 27 28
7 10 11 18 21 26
2 5 8 9 10 12 15 17 18 28 30
2 3 4 7 8 11 14 15 18 21 24
3 5 9 10 12 15 25 29
1 14 16 18 20 22 25 28 29
5 6 11 16 18 20 23 26 28
2 4 8 9 12 13 21 26 27 28
1 4 8 9 13 15 20 23 29
1 3 7 21 25 26 27 28 30
1 7 8 10 11 12 17 19 20 23 26 27 30
3 12 16 17 21 27 30
1 11 13 14 15 16 19 24 25 27 29 30
3 8 10 16 17 19 26 30
1 2 6 8 12 17 20 21 27
1 6 7 10 15 18 19 20 22 23 25 30
4 5 14 15 17 21 23 26 30
2 5 7 12 13 14 17 20 22 26 30
14 18 21 26 27 29
1 3 4 6 7 8 9 13 14 22 23 29
2 3 4 5 7 12 22 25 26 28
1 4 7 20 26 28
