5 6 9 11 18 21 27 30
4 9 13 14 21 23 29
1 8 13 21 30
1 3 15 18 19 23 29
2 4 5 12 16 19 25 27 28 29
3 4 5 9 12 17 20 21 27
1 5 10 11 12 14 25
2 6 17 30
2 13 15 20 24 30
2 4 9 17 20 24 25 26
1 12 20 23 26
1 5 6 17 21 22 28
4 8 11 14 18 22 23 26
10 19 22 29
8 15 18 23 25 26 28
2 3 5 6 9 15 25 27
5 6 7 11 15 19 24 28
8 18 19 26 27
1 3 7 8 9 10 16 17 21 26 29
8 9 18 23 24 27 30
4 7 19 20 27
7 15 24 25 30
1 2 4 7 9 14 15 22 23 30
3 4 5 12 13 16 29
3 9 12 15 20 23 30
8 10 21 26 27
6 13 17 19 22 26
1 3 6 12 14 16 17
8 11 15 17 18 20 25 29 30
1 2 6 7 11 13 14 16 20 21 25 26
8 9 12 15 21 27 28 29
4 27 28 29
10 23
1 2 4 7 14 17 20 21 23 25 27 28
3 8 9 11 13 14 18 21
8 12 13 21
6 10 13 14 20 21 24
2 4 6 7 16 19 24 26 29
2 4 9 11 14 15 19 21 28
4 5 7 9 15 23 29 30
6 10 15 21 22 23 24 26 27
1 9 13 14 19 24 26
1 4 5 6 9 15 17 22 30
4 8 9 13 14 18 24 26
5 7 9 11 14 16 27 29 30
2 4 7 10 17 22 23 24 26 30
2 3 4 5 6 10 14 15 17 24 25 29
1 11 18 20 23 25 28 29
4 10 17 21 29
3 4 7 9 12 20 25 29
12 18 19 20 22 26 29
1 4 12 15 21 22 23 25 30
3 13 14 18 22
2 5 6 7 8 12 16 20 30
2 4 10 13 16 19 20 21 26
1 4 13 15 17 24 27
1 2 4 10 12 13 18 25 27 28
2 5 7 9 15 17 20 25
3 5 6 10 12 13 16 23 24 25 26 29
2 4 5 6 11 16 24 28
5 7 8 9 12 20 21 28 30
7 13 17 20 26 28
6 17 20 23 30
5 9 10 21 22 23 27
4 6 16 20 24 27 30
3 5 6 12 14 16 22 28
1 4 7 14 16 18 20 27 28 30
1 2 5 8 12 15 20 21 24
2 8 9 14 18 20
14 17 19 25 26 30
4 8 9 14 16 25 29
2 4 8 12 23 30
10 16 21 24 25 28 30
2 3 6 9 22 24 25
2 9 14 20 21 28
2 3 18 20
8 9 11 12 13 15 16 17 18 19 22 25 30
1 5 7 8 10 22 24 26 28
1 5 6 18 19 23
3 11 23
2 3 14 16 22 24
1 5 15 18 26 29 30
5 20 21 27
7 8 11 12 24 26 30
13 18 26
1 4 7 12 17 24 25 29
4 7 8 9 10 20 21 23 28
6 8 9 12 14 20 25 26
1 5 15 17 19 22 28
11 15 19 20 22 26 27 29
5 7 16 18
2 8 9 12 15 18 21 23 25
3 7
1 7 14 15 16 19 23 24
5 6 7 10 12 16 25 28
2 6 8 11 13 20
9 11 16 19 21 29
1 2 4 6 11 13 15 22 28 30
14 17 19 21 25
1 2 8 9 10 13 15 16 21 22 24 26 28 29 30
1 2 6 8 14 15 16 21 23 27 28
5 7 9 10 12 13 17 23 28
1 2 4 15 23 28
4 7 13 14 20
1 5 6 8 9 10 14 17 19 21 22 28 29
1 5 12 27
1 11 13 16 18 23 30
1 9 17 20 26 29
1 8 10 16 24
4 6 12 20 23 29
7 17 29
2 3 4 14 15 17 22
6 7 11 12 17 25 26 27
7 11 12 13 16 19 25 27
3 6 7 8 9 17 21 24 26
5 7 15 21 25 27
3 5 11 12 17 20 21
2 3 7 8 9 13 18
1 3 4 7 11 20 23 25
8 11 12 16 17 18 21 27 29 30
2 4 12 17 19 22 27
3 6 9 20 23 27 28
1 8 9 10 14 15 17 20 24 30
2 12 13 14 17 18 19 23 24 30
5 8 11 14 17 24 27 28
7 9 10 12 13 21
3 13 17 22 25 26 27
5 10 12 25 26
3 6 7 11 20 29 30
1 3 4 10 11 16 20 23
1 4 5 18 21 23 26 27
1 3 6 10 19 20 21 22 25 26 29
7 11 18 23 24 28 29 30
1 5 11 13 17 25
2 7 11 13 18 24 28 30
6 10 11 13 15 16 17 21 23 25 29
17 19 25 28
1 3 4 9 10 18 21 22 26 30
2 5 7 10 11 14 17 19 23 29
10 13 24 26
7 8 9 14 19 21 22 26 28 29
3 7 13 15 18 29
1 11 16 19 20 24 27 29
5 7 9 10 11 13 18 21 27 28 29
1 3 10 11 12 22 25 30
3 6 7 11 12 14 15 17 19 23 25 26
7 8 9 10 14 16 18 27 29 30
3 8 24 25 30
4 5 8 11 12 14 16 17 18 20 21 23
13 15 20 28
2 12 14 22 25
4 7 8 14 21 24 30
1 5 7 9 14 16 20 23 27
3 4 7 8 18 21 25
1 4 8 17 23 26 27
2 17 19 25 26 28
2 7 10 22 23 25 27
4 10 12 13 19 22
8 12 14 16 17 19 22 24 29
1 2 6 8 13 17 18 21 29
2 5 9 21 30
6 14 17 21 22
8 9 10 17 29
3 6 9 14
6 9 10 12 13 20
1 10 11 20 25 28 30
2 6 10 24 25 26 27 28 29 30
5 7 8 11 14 15 26
2 4 8 9 13 14 17 27
1 8 15 17 21 22
7 13 24 29
1 5 6 13 16 20 22 23 27
12 13 20 22 26 28
2 4 5 11 16 17 18 30
1 7 9 10 11 16 24 29 30
2 4 12 16 19 22 26
4 6 8 10 30
7 10 18 19 22 23 25 26
7 8 11 13 17 18 20 21 26 29 30
4 10 11 12 17 19 24 29
1 14 17 28
5 10 13 16 17 19 26 28
5 7 24
3 6 12 13 17
3 6 20 21 30
6 7 8 11 15 17 18 29
5 13 17 25 29
7 8 13 14 18
1 7 10 11 20
2 7 8 9 10 11 19 21 22 23 26 28
7 8 11 12 14 21 25 29
2 5 8 11 15 17 19 25 26 27
4 5 7 14 19 23 28
15 16 26 29
5 7 12 14 15 17 19 20 29
4 9 12 13 14 24
5 16 17 25 26 28 30
3 5 6 11 13 21 25 26 27 28
1 3 4 6 10 13 21 27
9 10 14 17 22 25 30
