11 12 14 21 24
7 10 20 26
2 10 16 18 22 24
1 10 12 18 19 23 26 28
2 11 14 16 19 25 27 30
4 13 17 20 23 25 29
1 2 4 9 15 20
6 11 12 17 22 24 29
3 6 7 9 23 27 28 29
4 14 23 29 30
1 2 5 7 9 13 16 17 18 21 25
8 15 23 24 28 29 30
7 8 19 29
5 17 19 24
1 5 7 9 11 13 15 17 24 26 28
2 10 21 23 29 30
10 12 13 16 18 20 21 24
3 5 6 17 21 22 24 25 29 30
11 12 14 18 20
10 16 20 24 29
3 9 11 15 16 23 24 26
7 27
20 23 27
16 20 23
11 24
11 13 15 21 26
23 24 28
5 14 20 30
3 5 6 12 20 22 24 26 27 29 30
3 5 9 15 16 20 22 29
1 5 7 9 18 19 20 25
3 7 11 12 15
7 8 12 14 18 21 30
3 6 7 14 17 18 22 27
2 13 16 21 29
1 2 3 10 13 15 17 18
5 7 16 18 23 28
6 9 17 23 26
1 2 5 7 8 11 14 15 18 21 24
4 6 7 8 9 16 17 26
10 20 22 25
9 18 24 27 28
1 10 13 29
3 9 10 13 20 28 30
8 16 27
4 5 6 7 10 15 20 24 26 28
2 25 30
8 10 24 25 30
3 5 7 8 10 15 20 22 28
5 15 18 26 27 28
5 8 9 10 11 21 23 24 25 28
12 20 27 29
4 5 10 11 13 21 28
2 4 6 9 15 16 23
6 23 28 29
1 2 3 5 16 18 21
1 4 6 13 15 25 28
3 23 25
1 5 6 9 24 25 27
4 7 14 15 19
2 13 15 16 17 18 19 23 28
1 3 6 13 28
1 2 3 11 27 29 30
6 7 26 27
7 10 17 19 21 25 26 30
3 6 10 11 13 17 18 23 26
1 9 13 18 20 22 25 30
2 5 7 16 18 22 23 27 30
3 8 15 22 23 27
3 4 5 14 21 23
7 12 22 23 27
8 10 12 13 18 19 21 26
16 18 24 27
2 3 8 21 22 27
4 5 7 12 14 20 24 27 28 29
1 4 12 14 25 27
3 5 6 12 16 19 20 27
5 6 15 17 18 21 24 25
3 4 9 14 20 21 22 25 29 30
1 5 6 9 19 28
8 12 17 19 21 23 24 29
22 26
2 3 9 22 27
2 3 6 10 16
6 7 10 11 19 20 21 22 24 27 28
8 17
5 10 22 23 24 25 26
4 6 13 14 19
7 9 11 14 16 19 20
5 14 16 18 24 25
21 22 29
4 5 8 9 10 13
4 5 8 9 17 19 23 24
1 10 14 20 23 28 29
1 2 3 4 8 9 13 22 27
7 10 14 16 21 24 25 27 28 30
2 4 7 12 17 25 29 30
14 15 20 25 26 29
6 7 12 13 17 22
1 5 7 10 12 13 17 19 20 22 24 30
10 13 26 27
14 23 24 28
5 19 22 23 24
4 8 12 14 16 27
2 6 9 11 18 29 30
1 4 8 11 15 19 21
2 4 5 13 15 19 20 23 26
2 8 12 13 19
2 5 9 22
4 11 15 23 30
18 20
1 4 7 10 17 20
21 23 29 30
4 6 20 27
4 11 16 18 21 27 28
14 16 17 20 21
1 3 6 8 10 16 18 22 25 27
10 25 27
7 11 21 23 28 29
2 15 16
2 7 18 23 24 26 27
9 21 28
6 11 20 21 24
1 5 8 14 16 19 20 22 30
16 20 27 30
11 16 25 27 30
2 4 19 27
5 7 14 15 16 23
9 15 26 30
2 5 8 14 18 19 23 25 27
1 5 6 9 13 28
1 3 4 6 7 24 27 29
1 4 7 11 13 16 24 25
27
2 8 10 11 18 19 24 28
5 16 21 30
1 6 9 10 11 16 20 28 29
8 14 19 22 26 29
8 13 19
1 7 10 16 28 29 30
3 9 11 14 15
4 5 12 14 20 22 28
2 10 11 17 18 20 22
5 14 15 16
9 10 11 22 23 28 30
8 17 19 22 23 25
1 7 10 17 26
5 11 20 21 28 30
2 6 16 18 19 25 30
3 5 14 15 19
26 29
2 7 11 15 26 27 28
6 8 10 22 24 29
5 9 19 20 23 24
11 12 14 17 18
4 5 6 10 16 19 22 23 27
17 18 19 20 24
4 5 9 14 19 23
14 16 18 22 28 29
3 10 15 22 23 24 29
6 7 14 17 20 23 25 28 29
2 3 8 11 15 29
1 5 10 21 23 26
6 8 12 23 25 26 29
6 7 17 30
4 6 14 17 18 23 24 26
1 2 8 21 22 27
11 19 21 25
3 8 9 14 19 22 26 27
1 10 11 12 17 18 24
17 20 24 29
1 3 12 14 15 17 19 20 26 28 29
3 6 8 10 18 21 25
6 14 28
3 5 6 7 14 16 17 20 23 25 28
3 16 26 27
3 6 14 15 24 26 28
5 10 16 21 22 28 30
10 13 18 19 29
5 8 9 10 11 17 18 27 29
18 20 22 24 26 28
6 20 26
3 6 7 16 18 20 21 26
1 2 3 10 18 19
5 9 10 22 24
8 9 13 20 21 22 23 27
4 6 14 18 22 29
9 21 28 30
3 14 17 23 26
21 23 25 29
1 2 5 15 19 20 24 29
22 26 27
1 4 15 17 22 27
4 6 8 10 11 16 19 23 26 29
7 10 18 20 26 28
10 16 22 25
5 9 20 24
6 7 10 13 15 27
5 7 12 20 21 23 26
7 28 29 30
