16 18
24
15
14 15 21
11 16 23
17
27
12 21
17
28
12 18 27
25
21
7 13
1 19 23
9 20 28 30
6 25
20
27 30
12 21
3 19
22
12 30
29
6 22 28
3
17
5
16 20
10
15 27
12
22
9 10 21
8
12
10 14 20
6
6 7 17 22
22
3 4
9 19
26
1 15 22 26
5 10
13 16 17
6 21
4 14
7
27
3
19
7
28
10
19 20
18 23
5 16 19
11 20
13 18
13 20 29
2 13 21
14 30
1 19
4 9 10 23 25 26
6 26
3
7
1 28 30
21
2 26 29
6 26 27
14 18
8 30
21 30
13
17 28
4
27
4 10
13
11
28
9 29
17 28
9 13 14
16
5 20
25
9 23
13 20 23 29
20
16 24
24 26 27
26
7 22
14 22
18
27
26
9
7
2 17 20 24
4 6 25
22
1
23
20
24
13 17
13
4 15
19
2
26
5 13 27
5 27
16
12
6 26
10 24
10 14 15
8
9 13
15 19
9 24
1
29
10 17
21 23 28
5
3 28
16
18 23
3
2
2
6 7 15
4 13 14
7 25
10 23
28
6
11 16 21 26 29
10 18 26 30
7 19
22
15
6 8 13
20 22 23 29
27 29
17 23
29
4 30
22
2
23
4
2 21 30
9 28
6 15
16
5 8
10
7 13 14 16 23
28 29
20 21 25
23 24 27 30
11 14 20
17 19 22
12 20 24 28
2
14
11 18 21 23
16
27
7 19
25 28
12 21
12
9 20
14 29
14 28
11
20
1 3
28
9 11 24 29
18
27 29
6 7 15 16
2 3
6 8 25
8 26
20
13 16 17 22
1 11 24 28
25
27
5 10
