20 27 28 30
21 26 30
3 17
1 6 24
3 13 14 18
4 7 12 28
2 4 5 7 10 22 28
3 25
10 12
14 26 29
8 10 12 28
10 13 19 23
3 5 13 19
1 11
8 11 21 23
2 3 4 20 26
3 7 14 16 27 28
8 9
4 5 19 21 23 28
3 10 21
9 15 24 29
7 8 10 20 21
19 25 28
12 18 26
1 8 14 15 18 21 23
3 5 7 13 14 17 18 21 26 27
2 4 23 27 29
3 8 16 17 22 24 26 27 29
3 8 13 28
2 3 6 19 22 26
5 10 20 25
7 20 21 27 29 30
1 20 21 22 26
4 16 24 25
1 9 12 22 25
4 8 15 21 23 28 29
1 9 12 14 19 21 22
3 5 12 20 25
2 4 5 14 19 25
2 6 7 9 10 20 28 29
5 7 12 16 28
1 12 21 23 25 29 30
3 4 10 11 17 18 22
2 10 24 28
2 15 19 23 24 30
6 14 17 18
1 10 17 20 25
1 2 10 12
5 15 20 22
1 8 11 12 19 30
7 15 23 28
8 13 19 20
7 18 24 28
2 11 19 26 30
11 14 19 20 22 28
2 6 25 29
1 8 9 27
5 16 21 26 30
6 14 29
8 16 18 24
1 18 20 23 24
2 7 12 13
12 16 28 29
1 8 11 22 24
10 11 12 14 19 23 28
7 8 17 23 24 27
4 10 18 27
18 20 24
9 13 15 26 28 29
1 6 16 30
3 4 8 23 24
3 9 25
3 4 5 7 11 12 22 23 24 26
5 8 15 19 21 26
6 22 24 27 28 29
3 21 22
4 8 13
9 19 20 25 28
17 19 21 27 30
2 7 14 22 27
11 17 25 27 29
5 7 14 15 21
2 3 15 17 22 24 25 26
7 8
6 9 13 18 20 26
5 12 16 19 20 23
17 20
1 2 3 4 7 16 17 24 26
2 6 8 13 21 23 25 29
2 18
8 24
4 28
5 11 19 20 23 27
2 13 14 18 19 26
1 5 11 17 18
6 9 21
6 9 12 13 27
2 12 18 29 30
12 14
6 7 8 12 19 23 28 29
8 9 22 28
3 5 9 10 12 15 18 25 28
7 18 28
6 7 22 30
3 4 5 11 12 20 26
7 16 29
4 16 22 26
10 14 20 23 26
1 9 15 17 25
12 16
8 16 17 18 27 29
3 8 9 12 28
3 11 14 18 24 26
1 9 20 29
3 16
1 8 9 13 17
2 7 8 10 19 21
3 10 14 16 22 24
15 20
8 10 12 15 16 17 20
5 6 7 9 13 24 27
2 4 6 8 14 16
4 5 6 17 26
1 8 10 13 22 23
11 15 27
2 5 16 17 29
7 10 13 21 22 28 29
4 9 23
4 16 18 19
9 18 22
1 3 7 15 24 25
2 4 7 13 15 20 21 26
4 18 23
11 13 18
6 14 28 29
2 6 13 22 27 29
8 9 10 23
12 15 28 30
6 11 12 19 22 25 28 29
4 16 18
1 6 13 23 30
1 4 14 22 23 26
3 20 24
5 16 20 23 27
7 24 28
9 10 12 14 19 22
12 13 23 28
1 6 7 10
5 21 23 26
16 17
3 6 12 13 21 26
8 10 13 15 16 18 26 27 28 29 30
16 23 26
2 9 19 24
5 9 10 27 30
22
2 3 7 11 14 17 26
6 7 8 15 17 21 29
1 2 3 4 9 13 14 18 30
2 5 8 10 14 19 24 25 29
1 15 20 26
1 3 17 22
1 6 10 15 16 18 20 22 24
9 24 27 28
17 21 28
16 19
4 12
4 15 20 21
23 26 27
3 10 30
1 8
5 9 18 24
2 5 7 14 16 21 24
6 10 16 28
8 10 17 22 23 24 25 27 28
5 6 10 22
4 5 6 18 25
1 3 15 30
1 7 9 25 30
11 17 25 30
2 21 26 30
5 6 16 17 22 25
2 3 6 10 14 15 16 30
6 7 12 19 28 29
18 19 25
10 25 28
1 5 15 17 19 21 30
9 25 26 30
3 12 13 20
1 9 13 28 29
8 13 21 26 30
5 6 15 17 18 25
2 5 30
13 21
4 6 27
3 13 24
1 2 6 12 13 19 24 28
2 3 10 14 19 25 30
1 3 4 14 19 20 25 26
19 25 29
