4 8 9 12 16
2 9 18
3 4 17 21
4 12 26
5 13
13 30
11 22 24 29
1 7 10 27
1 4
14 24
26
8
1
13 18 24
21
13
8 23 27
1 12 17 28
2 8 24
4 6 13 19 20
1 21 25 30
3 8 9 22
13 29
1 13 14 18 19 23 25
10 12
28
3 12
10 23
6 10 29
5 6 21 24
28
1 10 14
17 24
4 30
5 13 14 24 30
4 5 15
4 11 19 23
2 9 28
4 21
8 22 26 27 30
1 5 7
1 13 23 28
27
2 17
4 17
5 30
1 2 3 19
15 18
2 15
8 9 11 25 26
20 27
9 18 20
4 8 21 26
14
5 7 17 21 24 28
17 26
1 15 16 18 22 30
5 9
5
5 8 9 15
3 11
7 15 21 25 28
1 12 14 16 29
9 21 22
8 19 25
5 9 25
9 13 18
2 9 15 19
7 8 26
2 21
1
2 23 27
14 18 21
7 9 24
2 17
7 30
3 4 23 28
1 5 14 15 16 22
4 5 6 15 23 30
11 13 18
3 19 24 25
4 10 23
14 24 26 29
7 23
3 12 21 27
1 9 23
3 14 24
24
1 17 23
14 19 29 30
5 6 17 21 23
2 9 10
1
8 11 28
9 11
4 5 8 13 16 18
6 8 9 17 28
23 28
3 26
3 9 11 13 28 29
27 28 30
29
2 6 28
14
12
2 4 9 27
2 14 29
4 9 11 19 28
6 7 21 23 25
10 16
1 15 20
8 27
5 15 16 18 27
16
19 21
2 9
3 9 24 29
2 3 5 6 12 14 24
1 25 27
8 14 16 17 25
9 25 27 29
22 26
1 2 4
25 30
7 9 14 23
9 12 17 19
9 17 23
5 16 23
1 2 5
12 21
1 10 11 25
3 18 20
17 21 24 28
2 24 27
1 9 28
6 12 27
13 14 22
1 5 17 20
1 17 19
13 18 22
16 17 28
16 22 30
22
3 18 29
2 21
9 11 14
1 4 15 26
4 30
11 14
2 5 6
11
12 17 30
8 11 25 27
23
7 16 26
8 19 24
14
5 6 9 11 22 24
12 16 23 26
4 6 15 29
1 20 27
4 21 26
6 14 15 22 26 28
10 15 30
5 10 13 27
3 30
12 18 23
4 17
2 6
1 11 17 25
4 8 22
16 29
15 17 25 29
8 13
11 22 29
3 10 25 26 30
12
7
18 30
9 24 26
8 22
28
10 18
3 6
20 27
12 14 21 23
5 24 26 27 28
10 11 17
9 20 23 30
12
6 15
8 10 17
5 12
22 27
2 14 23 25 27
3 6 8 13 28 30
8 9 11 18 27
9 16 21 24 26
19 23 24
3
