6 7 9 13 21 25
3 4 6 9 16 22 24 30
2 4 7 15 17 18 20 21 26 29
11 16 17 28
2 9 11 21 24 28 29
3 5 18 22 28 29 30
1 6 9 12 15 26 27 30
3 7 22 23 26 28 29
1 5 11 17 21 22 23 25 27 29
10 20 26 28
4 7 11 16 19 20 21 22 28
2 3 17 18 28 29
3 5 9 12 16 26
7 8 17 22 23 25 26 27 30
2 7 8 12 13 14 15 18 21 24 29
3 9 12 20 27 29
3 5 7 18 20 23 28 30
2 5 7 10 13 16 18 27 30
3 5 7 9 14 17 22
1 3 8 21 24 26 29 30
6 7 10 12 19 20 22 26
1 5 6 7 17 22 27
26 28 30
1 2 7 9
4 9 10 13 14
5 6 9 10 15 16 17 20 23 25
1 2 5 8 13 14 16 21 24 25 26 28
1 5 10 11 12 23 27 30
3 5 6 12 14 19 23
3 8 9 20 24 25 29
1 3 5 6 7 12 13 18 20
4 5 9 10 11 13 15 16 18 26 29
3 11 13 14 15 17 20 21 22 29
1 4 5 6 9 10 16 20 22 29
9 10 20 25 26
1 8 9 20 22 23
4 11 16 17 18 27 30
2 3 5 7 12 21 23 24 30
4 5 7 10 12 14 17 27 29 30
4 8 13 14 19 21 24
3 14 20
1 11 15 18 20 21 24 25
2 5 6 8 10 11 12 14 22 25 26
7 9 11 15 17 21 22 23 30
5 17 19 20 22 28
1 2 3 5 7 14 18 20 26
3 5 12 14 23 26 27 29
2 3 17 18 20 21 22 23
2 4 6 10 12 16 21 24 25 28 30
8 13 22 23 25 26 29
2 3 4 8 11 14 15 19 20 23
2 8 22 26
4 5 6 7 15 21 25
6 9 10 12 17 24 30
1 4 8 19 21 24 26 28 29
1 6 8 12 15 17 18 19 27 28 29 30
18 20 21 23
1 5 11 13 14 17 21 26 27
1 3 4 10 18 19 20 21 26 30
1 8 14 15 16 21 22 24 26
5 10 11 15 18 19 20 21 23 26 29
2 3 5 7 14 16 18 22 26
3 9 10 16 18 20 22 25 27
3 5 9 10 18 22
1 2 9 13 15 17 19 23 27
5 7 10 13 14 16 20 22 23 27 28
1 2 7 11 12 15 17 18 20 24 29
3 5 8 10 14 17 19 20 27
4 13 19 25 28 29
3 12 18 19 20 21 22 25 27 29
2 18 21 25 29
12 18 21 28 30
1 3 5 12 13 18 24 26 27 28
3 6 7 17 21 28 30
7 11 13 16 17 18 28
11 23 26
8 18 23
4 6 8 10 12 13 15 24 25
2 4 11 27
2 3 11 13 19 20
1 2 4 5 8 9 10 15 24 28
5 7 17 29
8 9 13 15 19 22 23
8 13 16 17 19 22
1 2 3 4 5 7 8 11 17 20
2 5 7 11 12 22 24 29
1 6 7 8 9 13 16 19 20 21 30
13 15 21 22 29
2 3 5 6 7 13 16 18 21 25 29 30
3 5 8 16 17 19 21 22 25 26 29 30
10 11 14 15 16 18 23 30
1 8 9 10 18 21 22
1 2 5 7 18 22 27 30
6 11 12 19 21 30
1 15 16 18 21 22
12 15 19 23
6 11 12 13 14 15 19 22 25 28
1 4 6 7 12 18 20 25 29
9 15 21 26 29
6 11 14 15 19 22 26
2 3 5 9 11 12 16 18 22 24 28
3 6 12 17 25 26 27 29 30
2 5 6 7 10 25 26
11 16 20 22 26 27 28 29
4 5 28
9 13 18 23 29
15 18
5 6 11 12 13 14 20 21 22 24
4 7 9 11 14 17 25 28 29 30
1 2 5 6 9 10 15 17 28
2 7 8 14
4 9 11 15 16 18 23 24 29 30
4 6 11 13 15 16 17 18 27 29
1 5 8 13 15 20 26 27 30
8 10 12 21 22
1 3 5 8 13 15 20
7 8 13 17 19 23
8 13 15 16 17 20 23 24 26
4 8 18 26
9 12 13 14 17 18 22 25 26 30
1 3 10 18 25
6 8 9 15 24 25 29 30
3 8 10 12 16 19
3 9 12 13 14 15 19 22 25
3 4 12 21
8 12 13 18 19 23 27
1 6 21 28 30
2 5 11
9 10 12 15 18 19 22
6 12 18 20
8 11 16 17 23 25 26 28
4 5 7 8 11 14 15 16 21 23
3 4 18 20 28 29
6 7 9 13 15 16 20 21 24 27 29
1 5 8 9 16 18 28
4 5 8 12 17 21 23 25
5 6 9 10 14 17 19 20 23 26
9 19 22 27 30
2 3 6 7 12 15 21
3 9 11 12 22 24
3 6 11 14 16 19 23 24 25 29
3 6 8 11 12 18 25 27 28 30
1 4 7
6 9 11 12 13 16 18 28
5 7 12 15 20 22
8 9 14 17 20 22 28
9 10 21 22 28 29
7 9 11 17 19 21 23 29
1 6 8 9 13 14 15 24 25 26 27
6 7 9 10 20 21 25 29
6 11 13 22 24 25 26 27
4 5 11 17 19 22 23 25
6 9 13 14 20 21 30
2 5 15 17 19 26 30
14 19 20 23 25
1 4 7 9 13 16 18 20 21 29
2 3 9 12 16 27
11 12 13 14 15 22 23 28
1 3 5 6 9 15 17 18 22 25 29
1 2 6 7 8 30
5 7 10 14 20 21 26
3 6 9 11 12 13 14 17 20 22
4 5 11 12 15 18 19 21 28
4 5 7 11 12 21 22 23 28 30
11 16 20 22 25 26
5 7 10 11 14 15 18 25 27 28 29
3 8 14 17 19 24 27 28
4 7 8 9 14 15 18
6 9 11 14 25
13 14 17 27
6 9 12 17 19 22 24 25
3 6 7 18
1 6 10 20 24 25 27 30
17 21 23 25 28
2 3 4 10 17 18 22
1 4 6 7 14 15 16 20 25
12 15 16 23 30
1 6 7 10 19 21 22 23 30
1 8 17 20 21 25 30
6 7 15 16 20 22 29
2 8 9 11 18 21
1 2 7 8 9 13 16 29
1 2 4 6 10 11 20 22 25 26
9 17 27
3 4 6 10 11 18 22 26 30
1 6 10 14 15 21 24 28
6 9 10 20 21
4 9 10 14 16 22 25 26 30
2 3 11 14 18 20 24 25 30
8 11 18 20 21 25 27 28 29
3 8 9 13 16 21 25 26
8 9 10 11 20
1 2 4 12 13
2 4 8 10 11 13 20 23
1 5 10 15
2 9 19 20 23 25 28
1 4 5 15 19 20 21 28 29
9 10 11 12 18 19 26 29
1 4 6 8 10 14 16 19 23
8 13 24 26 27 29
