2 5 6 7 17 18
12 13 14 18 19 24
22 23
1 4 25 29
8 10 19 23
2 12 25
16 21 26
21
19 20
6 22 29
2 7 12 18 29
1 16
8 15 17 20
25 27 30
10 13 18 30
16 18 19 22 23 27
13 16 21 23 26 27
4 19 30
1 2 9 15 29 30
1 9 20
6 7 11 12 17 18 27
10 28
7 15 24 26 29
7 15 22 25
6 9 20 21 22 29
4 9 19 21
2 11 14 21
6 14 16 17 18
6 7 15 25
2 10 23 26
2 5 7 8 13 21 28
2 10 12
2 5 14 27
3 4 5 22 26
3 14 19
1 2 12 15 16 20 23
13 22
3 16 24 26
2 5 10 21 24
9 10 14 29 30
8 20 25
4 11 15 18 19 22 23 28
3 9 14 22
3 12
4 5 6 7 14 16 18 19 22 24 27
9 22 23 30
4 11 13 14 16 30
25 30
10 15 18 19 21 27 28
3 4 5 10 14 15 21 26
8 21 26 29
11 12 20
1 14 16 21
2 6 22 23 28
5 10 11 23 24 26 28 29 30
1 4 8 16 18 23 30
10 19
6 9 14 20 21 22 29
10 12 16 20 22
7 11
7 13 17 22 25
6 11 26
28
1 7 9 13 15 17 21 22
8 13 17
5 12 15 28 30
8 10 11 26 29
2 8 11 28
1 2 5 12 13
9 10 25
5 14 16 26
1 12 13 26 27
1 2 3 7 10 21 23
8 13 16 26
1 13 19 30
4 9 18 20 28
1 5 6 9 10 22 23 30
18 25 26 28
3 21 22 25 27
1 9 10 30
10 16 19 27 29
4 17 18 22 27 28 30
5 6 9 20
24 26
4 5 18 24 28
7 14 18 21
4 5 13 17 18 26
2 10 17 27 28
1 2 9 27 28
11 12
2 3 12 15 24
3 6 12 18 19 22
8 9 25 27 29
1 13 17 20 29
6 23 26
6 7 15 20 25 28 30
3 6 10 13 19 20 29
3 8 9
4 9 12 13 16 22 30
3 9 14 23 29
7 11 13 23 25 29
23 28
10 13 18 19 25 29
10 15 20 24 29
7 8 9 10 11 13
6 8 11 20 23
2 10 12 22 26
11 24
2 7 13
3 8 21 28
3 6 18
4 20
2 5 6 8 11 29
2 18 26 29
8 11 23 25 27
3 8 13 23 24
2 6 20 22 28
3 4 9 23 28
3 8 12 30
2 16 21 23
11 15 19 30
12 22 27
7 16 29
3 6 11 29
8 11 13 15 20 23 25
4 15
2 6 7 12 15 16 20 25 26
11 20
2 10 12 13 14 29
1 6 17 29
14 28 29
1 2 8 25 28
12 14 24
1 14 18
3 10 13 22
10 27
14 18 19 20 22 25 26 27
8 11 13 16 20 24 29
4 8 9 11 16 17
17 24 26
1 5 8 20
4 16
23 27
8 15 24 28
6 14 17
7 8
9 22
10
5 6 7 11 28
1 4 17 19 28
3 16 17 22 24 26
21 22 26
8 15 18 20 21
2 4 10 13 25 26
19 22 25 26 28 30
12 20
8 9 15
2 6 7 14 21 28
1 16 28
3 17 20 21 24
1 4 6 11
3 13 16 23
6 9 27
9 28
20 27
3 20 21
7 8 15 20 21 28 29 30
8 10 13 15 18 22 24 30
3 6 19 22
1 7 12 13 14 22
1 6 7
1 20 22
8 10 28
17 19 24
19 23 29
4
8 14 26 30
8 14 18 19
20 21 23
5 9 13 18 22
5 8 19 23 25
6 14 23
3 5 7 10 12 16 22
11 12 17 25 29
5 13 14 19 25 27
3 16 19
8 21 26 30
5 11 12 16 17 23
12 24 29
6 12 21 27 28
17 21 22
21 25 28
1 11 21 27
17 23
13 22 29
1 2 10 18
6 16 21
13 16
6 14 19 29
20 23 29
