26
18 21 23 29
11 12 13
2
10 12 21 26
5 6 7 11 13 14 19 21 22 28 30
6 9 15 18 26 27 30
7 12 24
2 4 13 22 25
9 24
5 9 10 16 18 25
4 7 8 19 20
3 29
16 19 20
5 11
3 22
6 10 11 25
3 13 15 17
2 6 9 11 12
3 10 14 15 23
8 15 19 25 27 28
1 9 10 21
5 17 27
1 10 27 30
8 18 26
5 6 18
7 27
7 17 20 22
6 14
3 15 23
3 11 18 19 26
1 5 8
7
6 11 13
2 10
9 12 18 20 26
1 18 19 26 30
17 21 26
24
24
1 16
11 13 18 29
3 17 22 26 30
3 6 24 28
14 22 24
14 20 22
3 5 16
26
19
4 22 24
9 18 27 28 29
5
5 16 19 20 30
2 13 17 21
1 2 10 24
5 7 15
6 12
26
27 30
15 17 18 27
7 17
4 23 29 30
6
4 7 23
3 12 24
23
4 12 19 22
1 22
3 7 10 16
11 16
14 26
16
3 6 8 22 28
4 8 17
20
4 11 15 18 19 23
1 7 17 22
2 7 23
19 24
9 16 20
17
10
3 12
17 24 25
24
5 13 21 24
17 23 30
5 12 16 17 19
8 11 24 28
16
5 20 26 29
3 10 28
10 14
1 12
23 29
19 21
1 16
4 6 7 11 13 19 29
28
7 12 21 22
3 6 14
12 16 26
7 26 29
6 19 21 23
5 7 22
10 11 21
1 25
1 21 30
4 28
7 23 26
4 6 8 11 12 20 23 25 26 29
6 11 12
3 5 16
4 10
7
21
8 10 12 22
9 10 12 13
5 13 24
2 4
5 19
4 27 29
12 21 25 28
2 25
1 15 17 25
20 23 24 28
2 15 28
18
7 18
21
10 12 13 18 30
9 21 22 28
14 19 23
4 21 27 28
5 12 15
9 30
12 21
9 12 16
21 28
11 20
2 5 9 16
11
3 11 18 19 21
4 17 21 27
4 11 12 14
10 17
9
13 26
1 8 10
1 26
9
12 15
1 2 17 25 26 27
7 11 21 25
14 16 23 30
2 13 16 27
13 16 25
14 17 21 24 29
3 11 25 27
4 6
1 7 15 18 22
5 25
2 11 15 17 26 30
1 13 26
3 13 27
3 17 23 26
6 7 8 26 29
8 17 26
15 18 24 26
4 7 8 18 21 23
2 14 16 21 26 29
2 7 9 18 23
8 18 24
10 23
6 22 28
6 9
21
3 5 7
1 5 15
5 23 29
6 30
1 26 28
1 30
21 23 28
17 27
9 19 29
7 9 20 25
4 6 7 17 30
6 10 20
3 15
11 14 15 18 22 29
10 13
4 12 17 27
4 9 13 19 26 27
24 27
15
3 9 11 21 28
3 12 24 28
15 22
3 4 23 27
