6 9 10 11 12 16 19 23 26 27 29
1 8 13 19 25 26
1 4 9 12 14 18 23 25
4 6 7 8 10 11 14 16 17 18 19 24 27 30
4 6 7 9 14 17 19 20 24
5 7 12 13 14 16 21 26 27 29
1 8 13 15 24 30
3 6 10 13 21 30
2 3 5 7 9 12 25
3 4 7 10 11 12 15 16 17 19 22 28 30
2 4 6 8 11 13 15 21 22 28 30
4 5 6 7 11 18 21 23 29
1 3 5 6 8 10 11 12 15 16 23 24 25 27 28 29
1 2 3 4 5 8 14 16 21 24 26 27
1 6 9 12 13 19 20 23 27 29 30
1 6 7 14 16 17 22 23 24 25
5 9 10 11 12 17 19 21 22 23 26 28 29
9 14 15 18 20 23 29
2 4 6 7 8 15 17 18 19 21 27 28 30
1 2 3 4 6 14 17 24 26 27 29 30
1 2 3 4 6 18 19 25 26 28 30
3 5 6 9 10 13 21 22 23 24 27
3 5 7 8 13 16 21 23 28 29
5 7 8 14 15 18 21 26 28
2 5 6 8 10 15 16 17 18 21 26 28
2 8 11 14 18 19 22 25 26
3 4 8 12 23 25 27 28
3 6 8 9 11 15 16 18 20 22 23 24 29 30
2 7 9 11 13 14 15 20 23 24 28
3 4 8 10 14 17 20 25 28
1 3 5 6 9 13 15 17 18 22
1 3 4 6 10 13 16 24 28 30
3 5 13 14 17 25 29
3 7 8 15 18 20 23 25 26 28 30
2 4 6 7 8 9 10 11 14 17 18 20 21 22 24 25
4 5 9 11 14 16 23 29
1 6 8 9 10 11 13 14 15 20 25 26 30
4 6 7 9 10 11 13 17 18 19 21 22 30
4 6 7 8 13 14 15 16 19 20 23 24 25 27
1 6 9 15 17 27 29 30
1 7 10 11 12 13 14 18 19 26 27
3 5 6 12 16 18 20 21 25 26
4 7 8 9 20 21 22 25 26 28 29 30
2 17 20 21 22 24 29 30
5 8 12 14 19 20 21 25 30
2 4 5 6 9 10 12 13 18 21 23 24 25 26 27 28 30
3 11 13 19 22 26 28
1 2 4 8 11 15 18 19 22 28 29
1 2 5 6 7 11 17 19 20 27 28
2 4 5 8 10 16 17 20 21 22 25 27 29 30
1 4 12 14 15 16 17 18 22 23 26
1 4 5 10 15 17 19 23 27
2 3 4 6 7 10 12 15 19 20 25 26 27 28
1 2 3 4 5 8 9 16 18 22 27 28 29 30
1 8 10 12 16 18 23 24 25 29
1 6 7 8 9 11 14 23 25 28
1 2 4 6 9 10 13 16 17 18 29 30
6 12 14 20 23 24 27 28 29
1 3 4 8 10 15 16 19 21 23 25 29
1 6 8 9 21 23 24 25
2 8 18 21 23 26
5 6 8 11 13 15 20 23 24 28 30
2 3 6 8 11 13 16 17 22 23 24 27 30
1 6 11 14 17 18 23 27 28 30
3 4 5 8 9 13 14 21 24 26 27
2 4 6 11 19 22 25 26 30
4 9 12 15 16 19 22 25 30
1 2 3 4 11 12 15 18 26 27 28 30
3 14 26 29
3 5 6 8 12 18 22 26 27
3 6 7 9 11 13 21 22 23 26 29 30
1 3 5 6 8 9 10 11 12 17 20 21 22 28
2 9 10 18 19 23 26 28 29
2 7 11 12 18 19 24 26
3 4 11 12 14 22 24 26 29
5 11 12 13 14 17 21 25 28
1 6 10 11 12 15 20 21 23
2 8 9 10 13 15 16 22 28 30
4 5 8 9 14 19 21 27 28
13 18 22 25 27 30
4 5 8 20 21 24 27
3 5 10 14 16 18 21 23 25 29
1 3 5 6 7 18 20 24 25 26 28 30
2 4 8 16 18 19 20 22 23 25 27 28 29
8 11 13 14 16 18 19 20 21 27
5 12 13 14 15 21 24 28 29
1 4 10 20 25 26 27
1 2 8 14 20 22
1 11 12 13 15 19 25 26 27 28 30
2 13 16 22 26 27
1 3 7 10 14 17 18 20 23 24 29
1 3 7 8 12 15 17 28
2 3 6 7 10 18 20 21 25 28
6 8 11 14 16 18 20 23 25 26 30
2 4 5 8 12 15 21 29
4 13 15 18 20 21 22 24 27
1 4 6 9 14 15 17 19 21 30
1 4 5 6 9 14 17 19 20 24 26 29 30
4 5 11 13 26 27
1 2 4 11 13 15 17 19 21 26 29 30
3 4 5 10 13 15 21 22 26
1 2 3 5 6 11 12 17 18 19 22 28 29
3 5 6 11 12 18 19 20 25 27 29
4 7 13 16 18 22 24 25
4 9 10 11 12 13 18 24 26 28
2 6 7 8 13 21 23 28 29 30
4 6 7 10 14 16 17 18 19 20 21 22 24 25 28 30
4 7 10 13 15 16 17 19 20 24
4 5 9 12 13 14 15 20 22 29
5 7 8 9 18 21 22 24 25 26 29
1 2 5 6 7 8 9 16 17 18 19 20 25 26 27
5 11 12 14 16 17 18 19 24 25 26 27
1 4 6 9 10 12 18 23 24
2 4 5 9 11 14 20 21 26 28
1 2 7 9 13 15 16 17 19 20 21 25 26 29
1 2 3 5 7 11 12 13 15 16 19 21
5 6 7 9 10 11 14 16 17 26 27 28
6 8 10 11 13 14 23 25 28 29
1 3 7 12 13 18 25 27 29
5 6 7 16 19 20 22 28
1 10 14 16 18 23 25 26 30
3 14 19 20 22 24 29 30
2 7 8 11 12 15 21 24 27 28 30
9 10 11 19 22 26 30
3 4 8 11 14 17 19 21 22 24
4 7 9 11 14 18 22 25 27 28 30
1 3 6 9 13 15 16 17 22 23 25 26 27 30
1 3 4 7 10 14 17 19 21 23 28 29 30
1 2 3 10 11 17 19 22 23 25 27 29 30
3 9 10 12 15 16 17 21 25 26 28 30
1 2 5 8 10 13 14 16 18 19 20 21 24 26 30
2 3 4 6 7 8 15 17 20 21 22 23
4 8 10 11 15 16 22 26 29 30
2 6 8 9 11 14 16 17 18 19 25 26 30
2 6 7 10 11 13 15 16 17 20 21 23 24 26
8 10 11 12 13 15 16 17 18 21 22
2 3 6 13 17 20 21 24 27 30
4 8 10 13 18 21 24 26 27 30
11 12 14 18 20 21 22 26 27
4 5 6 8 9 11 12 14 22 23 24 28
4 5 9 12 14 15 17 19 21 23 25 27
3 4 18 22 25 26
1 3 5 6 7 8 12 16 23 30
4 7 8 9 11 17 20 22 23
1 4 5 6 10 11 13 20 22 23 24 28 30
1 6 7 9 12 13 15 17 18 19 20 24 25 28 29
1 4 6 9 10 15 16 18 22 28
3 12 17 18 20 23 24 26 29
2 8 9 15 18 20 22 26 27 29
1 2 3 4 5 8 10 13 16 21 23 24 30
1 3 4 7 15 16 17 19 21 23 24 25
11 17 18 21 22 25 28 30
2 6 9 16 17 20 23 26 27 29
1 4 10 11 14 15 16 18 20 23 24 25 27 29 30
3 8 9 10 14 22 23 24 26 29
2 3 4 5 6 15 20 22 23 26 29
2 4 5 7 9 10 16 21 24 26 28
4 5 11 14 17 18 20 22 24 29 30
1 4 5 7 8 9 11 12 13 16 17 25 28 30
1 5 7 18 23 27
1 3 7 8 9 11 12 13 16 19 22 25 27 30
6 8 9 10 14 23 26 28 29 30
5 9 10 18 28
1 4 5 7 9 10 14 18 19 20 21 23 28
3 6 7 10 12 15 16 18 20 22 27 28 30
1 2 3 6 7 13 14 16 22 23 26 27 28
5 7 8 10 14 15 16 18 19 21 22 24 27 28 29 30
1 8 18 22 28 29
1 20 23 26 29 30
1 2 4 5 6 11 17 26 29 30
5 6 7 13 15 17 18 21 27 29
2 8 12 13 16 19 26 27 28 29 30
6 9 11 15 18 21 22 24 25 26 27
2 12 17 18 23 28 30
1 3 4 7 9 13 14 15 17 18 19 25 26
1 4 8 13 16 17 20 22
3 4 5 7 8 12 13 14 20 24 27 29 30
1 3 4 5 6 7 11 14 15 18 22 25 27 29
2 4 6 8 14 18 19 20 25 29
1 3 8 10 12 13 20 23 24 25 27 29
1 3 4 7 9 11 12 14 16 21 23 26 28 29 30
2 3 10 13 17 18 24 25 26
3 9 10 11 14 15 21 22 23 24
2 5 7 14 15 16 19 20 23 27 30
1 3 5 7 16 20 22 25 26
4 7 8 12 13 15 22 23 24 25 29 30
4 10 11 15 17 19 20 21 22 23 27
1 2 3 6 7 8 10 15 16 18 20 27 28 29
2 3 4 8 11 14 18 20 21 23 25 28
2 9 11 18 27 30
5 9 10 16 21 23 24 29 30
7 17 18 26
2 7 8 10 12 13 16 19 23 24 27
2 3 5 8 11 13 14 16 18 19 20 22 28
5 10 15 21 25 26
2 3 10 11 12 13 15 16 17
5 12 14 15 18 23 30
2 3 11 12 14 16 18 22 24 26 28 29
3 5 7 10 12 14 16 19 20 21 22 24 27 28
1 2 7 11 17 18 20 21 24 28 29 30
