13 15 27 28 29
4 11 19 26 30
3 6 7 9 15 25 26
3 4 5 7 12 16 19 21 24 25 26 27 30
1 4 5 7 12 13 16 21 23 25
8 13 15
9 14 23
1 12 15 17 19 29
8 9 13 16 18 19 25 27 29
4 6 7 11 12 15 16 20 23 28
3 12 15 16 17 25
3 6 11 16 25 26
3 13 21 27
4 9 12 14 29
8 25 30
1 3 4 6 9 15 16 18 23 27 28
9 26
10 15 20 24
4 5 7 8 14 15 16 20 23 24 29
1 5 9 11 15 17 19 22 24 27 28
4 11 19 25 30
2 9 13 22 24 25
5 6 11 16
1 5 6 16 18 22 24 25 26 29
3 8 18 22 25 29 30
4 8 11 19 20 29
12 15 21
2 4 11 19 20
3 4 5 7 8 18 21 25 29
4 5 6 7 17 18 19 24 26 29 30
8 16 27
10 11 14 17 20 21 25 27 30
4 8 9 14 20 29 30
15 17 21 22 25
11 12 14 15 17 18 27 29
16 19 22
2 9 10 17 21 22 25
1 4 28
4 6 15 22 24 28 29
5 8 9 21 25 30
3 7 9 10 14 19
3 4 8 15 24 27 28
1 9 13 20 21 25
1 2 10 15 18 19 20 29
3 4 8 10 11 12 17 22 23
10 13 18 26 29
9 14 15 19 20 21
8 9 11 15 28 30
1 13 16 24
2 3 9 10 17 20 22 23 25 28
4 5 6 12 15 23 25 27 29 30
1 3 7 9 10 26 30
18 19 22 23 24 26
17 22
6 9 10 17 22 28 29
9 17 20
5 7 13 17 18 19 21 22
2 3 5 12 16 23 27
2 3 7 14 16 20 27
2 7 8 9 10 16
1 3 6 7 9 10 18
6 19 21 22 26 27 29
9 19 20
14 18 19 26
4 5 10 14 17 23
5 9 14 23 26 27
3 6 7 10 20 26 28
2 12 17 23 24 25
2 3 8 12
3 11 22
2 3 10 14
5 9 17 25 27
1 9 12 29 30
2 5 14 15 22 25 26 28 29
6 10 13 16 17 18
1 4 8 15 16 17 18 19 22 25 28
6 7 17 18 24 27
2 5 11 13 14 15
1 5 8 14 24
4 6 11 15 16 20 24 29 30
8 11 16 21 22 23 25 27 29
7 13 14 19 23 24 27 29
11 12 13 15 16 27
20 22 23 26 30
4 7 11 15 21 23 25 26 27 28
2 10 12 13 22 27 28
15 19 24 27 29
5 6 10 24
3 8 17 30
10 11 13 14 30
1 3 6 10 14 15 18 24 29 30
7 11 20 28
4 5 16 26
1 2 7 16 28 30
1 4 9 14 23 24 27
3 5 12 15 22 25
3 6 7 8 11 22 24 25 29
1 6 9 24 29
7 14 15 16 22
4 9 22 24 27
2 7 9 12 14 20 28
2 6 13 14 26 29
2 4 22 24 27 29
1 4 12 14 15 23 24 26 27 28
8 10 13 22 28 29
3 8 10 11 18 19 21 24
7 12 14 26 27
2 5 9 11 13 17
4 8 18 19 20 22 27
4 9 10 11 12 18 25 27
4 5 8 10 18 29 30
18 24 28 30
9 11 13 20 21 24 29
1 5 11 15 19 25 26 30
10 11 29
1 6 9 12 27 28
8 17 22 26
13 16 18 21 23 26 27 28 30
11 18 20
1 11 15 19 23 30
4 6 17 28
15 21 23 29
2 3 5 9 14 23 28 29 30
1 2 10 13 15 19 24 25
12 14 23 29
5 7 10 11 16 19 21 28
5 6 10 18 20 21
1 5 7 10 15 16 17 18 21 27 30
5 8 9 18 24
2 3 9 11 19 25 30
3 11 12 16 17 25
6 8 9 11 16 28 29
2 8 11 14 21
4 6 8 13 15 21
17 23 28
3 10 15 17 23 26 27
4 16 20 25
3 5 8 10 13 15 16 19 20 23
8 10 14 15 16 18 20 25
2 16 25
6 16 17 22 29
5 15 17 25
3 8 20 29
5 9 10 11 12 15 17
13 18 23 24
10 21 22 23
2 4 5 20 22
3 4 6 16 18 24 26 30
1 4 9 10 17 18 20 21 25 28
2 5 19 24
1 12 13 23 27 29
8 15 19 21 22 28
3 4 7 13 15 18 19 20 26
7 8 9 12 13 20 27 29
1 5 10 12
5 8 12 14 17 18 19 28
2 6 7 15 24 29
3 14 22 23 25 27
4 7 13 15 22 23 25
1 2 11 17 19 21 22 29
3 5 16 18 25 26 29
1 8 11 17 21
18 28 29
1 11 12 14 16 21 22 24 28 30
2 6 19 21 27 30
1 2 11 14 16 22 24 26 30
1 12 25 26
1 17 25 28
7 8 11 12 18 19 20 21 28 30
4 12 13 15 23 29
1 9 15 25 28 29 30
6 17 19
9 14 15 16 18 19 20 25
29
7 9 10 11 24 27
1 3 15 19 23
4 10 24 28
1 4 21 26 28 30
8 9 12 16 17 18 29
9 14 15 18 20 25 26
3 4 5 7 13 15 22
2 13 23 24 27
8 15 16 26
11 15 17 21 26
2 4 5 10 28 29
1 11 12 15 17 18 22 23 24
8 15 16 24 25 26
18 21 28 30
1 4 12 15 27 28 29
1 9 10 17 21 25 26 29
10 12 14 15 17 22 25 26 29
8 9 10 13 22 27 29 30
6
12 15 20 26
2 3 7 15 18 20 21 24
3 4 8 11 12 14 16 20 30
5 16 20
1 6 19
2 9 11 12 14 15 16 18 22 27 29
10 22 26 28 29
