3 15 29
4 16 22
8 12 22
24
18 26
3 15
11 23 24 26 29
7
7 17
16 29
1 23
5 10 24 30
4
15
22
28
12
26
9
5 7 20
6 14
10 18
28
5 24
12 21
11 12
1 12
2 28
6
18
14
15
3 9 16 23
17
3 25
6 19
4 11 29
21 26
27
3 12
14
11
7
20
4
7 21
23
26
22 28
9 22
6
2 5 13 15
2 21 29
6 14 20
8 14
13 17
27 29
14 27
2
3 11 14 20
2 4 14
12 17
5 22
17 27
28
5 24
2 3 25
13 18 23 24
14 27 30
9
1 30
13
7 25
15 29
8 13
7 24
8
10
2 8 24 28
5 17 24
14
14
5
11
15
2
1 27
25 28
28
11 30
17 30
10 19
9
26
14
30
16
23
28
5 10 14
10
5 10 19
7 26
8 10
27
11 18
7 18 26 29
17
3 21
23
19 28
15
8 11 17 24
12 17 18 24
26
14 29
17 24
18 28
6
6 10
29
27
11 30
6 15
23 28
19
7 13 21
8 11
6 9
9
4 17 19 21 30
13
2
23
29
22 24
26
16 19
4
4 8
14 30
11 16
16
8 13
1 18 23
12
9 22
8 22 24
16
14 16 20 28
12 22 26
15
26
2 10 18
1 10
28
15
7
10 24
11 30
10 28 30
1
6 18 19
9
23
6 13
16
5 7 14 20 21
1
1
13
1 15
19
3 13
2 22 26
2 16
26
7 8
26
29
2
7 12 20
2 16 27
14
1 15 23 24
9
24
26
11
14 16
13 15
18
3 19 28
6
19
22 25
30
6 8
9 14 18
3 8 12
