3 5 15 18 19 21 23 27
1 3 5 7 12 14 19 22 23 26 29 30
1 2 6 8 10 11 12 14 16 25 28 29
3 12 14 19 23 24
1 3 5 11 13 15 19 20 22 26 27
1 2 3 8 14 28
1 2 5 6 7 18 23 24 28
1 6 10 12 17 18 20 22 24 27
2 11 12 14 17 26 28 30
12 15 20 28 29
3 9 12 13 16 18 22 24 26 28
1 3 4 6 8 9 14 23 25 27
4 5 14 15 16 17 21 22 30
9 11 14 16 18 21 27
4 6 10 11 13 17 19 20 25 26 28 30
5 6 8 11 13 14 17 19 23 30
7 8 12 14 19 24
4 7 8 9 10 17 18 21 22 25 26 30
4 5 14 18 23 25 28 30
3 6 7 8 9 10 17 18 19 20 21 24 26 27
3 5 8 13 14 15 19 20 23 24 28
1 4 5 7 13 16 18 19 23 28
1 4 7 11 15 16 22
2 3 10 12 13 15 21 25
1 2 6 7 12 14 15 16 21 22 24 30
5 6 9 10 12 15 17 20 27 28
3 8 10 16 17 18 20 21 23 25
2 4 7 9 13 15 16 19 23 25 28 30
2 4 5 14 16 18 23
1 2 3 8 11 16 18
1 2 3 5 7 8 17 18 21 23 24 26
1 3 4 11 13 17 20 21 25 27 28
2 6 7 8 13 14 18 20 24 25
3 9 12 14 19 20 21
1 7 11 16 17 19 28
2 3 4 5 8 9 13 15 16 21 27
1 5 6 10 17 18 19 22 29
2 3 4 6 9 13 18 27
9 11 19 20 22 25
7 9 15 23
12 13 15 17 18 19 22 23 26 29
2 5 6 12 13 20 22 23 25 26 27 29
11 12 22 23 29
2 9 15 17 21 27 29
6 12 19 24
4 5 6 9 11 14 22 25
3 5 7 19 20 22 24
1 6 13 15 16 18 20 21 25
2 7 8 10 18 20 26 30
1 3 4 5 9 15 16 18 23 29
3 4 7 8 18 20 25 27
3 4 8 11 13 14 17 18 19 21
1 4 5 6 7 9 11 13 15 19 20 21 23 26 29
7 8 13 19 21 24 25 27 30
7 12 15 21 29
1 3 9 15 17 23 24 27 28
2 4 5 7 8 11 16 17 23 25 26 30
6 8 12 15 25
1 6 7 8 11 20 22 23 24 26 28
4 5 6 8 13 15 16 21 23 30
4 8 9 10 11 13 16 17 18 19 23 25 26 28
1 2 8 9 10 14 15 16
3 8 9 10 12 16 20 22 24 27 28
1 5 10 13 21 27 30
7 18 20 24 29 30
5 7 11 16 19
2 3 4 6 13 16 24 27
3 4 13 15 19 23 25
1 2 3 8 9 11 12 15 17 18 20 23 28
2 5 6 7 8 10 12 15 23 25 27
1 3 7 11 17 18 27 29 30
1 4 5 11 15 16 20 26
2 5 8 11 12 14 16 20 24 26 28 30
1 3 4 6 7 15 24 28 30
1 5 8 9 13 20 23 26
1 2 3 6 7 9 10 12 15 19 20 23 26 30
1 2 7 12 14 17 20 21 27 28
1 4 9 11 12 13 18 26
6 8 18 24 26 29 30
8 10 11 12 20 23 26
1 3 9 12 13 14 20
3 5 9 12 18 20 29 30
2 8 9 10 11 13 14 16 17 25 28
1 9 16 17 19 22 25 30
3 6 8 9 12 15 18 22 23 25 26 27 30
3 7 10 11 13 15 16 17 21 30
4 5 7 11 15 21 24 28 29
1 2 4 9 12 15 17 18 21 22 30
3 5 9 10 13 16 18 21
4 9 14 15 17 25
3 10 11 17 28 30
1 2 8 11 12 15 19 24 26 28
9 11 15 16 19 24 29
1 3 7 8 13 18 21 25 27 30
5 8 9 15 20 23 27 30
3 4 20 23 24 28 30
3 4 5 17 20 25 26
6 7 9 15 16 20 22 24 29
7 9 12 14 17 19 24 29
1 2 4 5 6 7 19 23 26 27
2 6 8 10 16 18 20 23 30
3 5 15
1 2 3 12 17 19 21 22 23 26
1 4 6 7 9 12 17 20 21 27
1 7 10 11 12 14 18 30
1 2 8 9 17 24 28
11 12 16 22 23 27 28
4 8 10 11 12 13 14 16 19 25
1 2 3 6 10 11 12 16 17 19 21 22 23 24 27
4 7 10 22 23 24 26 27
2 11 14 15 19 28 30
1 2 3 11 12 13 14 16 17 20 21 25 28 29
1 2 4 14 21 24 25 26
2 6 11 17 18 20 26 28
4 6 10 15 16 17 19 22 23 24 27 29
1 2 4 5 6 7 27 29
1 3 7 12 18 19 20 26
3 4 9 11 13 17 19 21 22 24
2 5 7 16 23 24 26 27 29
4 6 12 13 26 29 30
3 4 6 10 13 17 18 21 27 28 29 30
18 22 24 26
3 4 9 10 22 23 25
2 3 5 9 12 13 17 22 24 26 27
2 5 7 12 18 19 22 23 25 28
1 4 9 11 16 20 22 26 27 30
16 17 18 19 21 23 30
1 6 12 13 15 19 22 26 27 30
4 8 10 13 16 19 22 25 29
4 8 10 12 14 21
2 4 14 16 19 23 28
2 4 11 15 16 17 25 26 28 29
1 4 6 8 17 19 20 23 26
2 3 4 5 6 9 13 17 18 21 22 24 30
4 6 7 18 19 22 26
2 5 10 11 12 15 18
2 3 11 14 17 30
8 10 11 13 14 19 24 25
2 4 8 18 19 22 23 26 30
2 4 7 8 12 13 16 17 19 22 25 29
1 2 5 15 18 20 29
1 2 10 13 16 18 20 29
1 4 6 10 12 14 19
1 3 4 8 12 17 22 24 25 27
1 3 5 7 11 13 24 27 30
1 5 9 11 18 19 20 21 22 27 29
1 5 12 16 17 21 23 26 28 30
4 6 7 17 20 26
2 6 8 10 18 22 27 29
3 5 6 11 13 14 15 26 27 29
1 4 8 13 18 22 24 25
3 7 10 17 21 22 24 27
10 11 12 13 16 21 23 27 30
2 4 8 16 17 23 25 26 27
3 5 8 9 10 12 13 14 15 18 19 21 22 24 29
2 6 12 15 20 21 26 30
1 4 5 7 12 14 19 26 29 30
1 14 17 19 21 22 26
1 2 4 17 20 25
5 8 14 17 21 25 26
6 10 13 19 20 21 25
2 6 10 12 13 14 17 19 22 24 26
1 4 6 10 17 23 27 29
1 2 5 12 20 24 26 28
3 8 12 13 15 23 24
4 5 13 17 21 22 25 26 29
3 4 5 6 9 11 14 15 16 18 21 22
2 9 11 17 18 20 22 26 27 29
2 6 14 15 17 19 22 25
3 5 7 10 11 17 21 24 26 27 29
2 7 16 20 23 24 25
1 6 7 8 10 11 15 21 22 24 25 28
7 8 9 11 12 13 14 17 18 19 21 25 29
6 7 9 13 17 21 22 28 29
1 3 4 5 8 11 17 18 20 22
2 3 5 7 11 20
5 17 18 21 24
2 6 7 9 10 17 19 20 24 30
1 8 21 22
1 7 9 10 11 12 15 17 20 22 26
3 5 8 11 12 18 19 22 24 25 28 30
3 4 13 20 22 23 24 27 28
4 12 22 25 30
1 6 7 8 9 10 17 21 28 29
6 7 8 10 11 13 16 20 24 26 28
1 5 7 8 12 20 23 26
10 11 14 16 18 21 23 27 29 30
1 2 15 17 21 22 23 28
2 5 9 10 13 17 19 20 23 26
5 15 17 19 23
2 3 8 9 13 14 16 18 23 25 29
6 8 10 22 24
1 2 5 7 8 10 16 17 22
1 6 7 8 12 13 16 17 19 23 26 28
3 4 5 8 10 12 14 15 17 28
6 7 15 16 22 23 24
4 7 8 10 11 12 13 15 24 25 26 28
3 7 8 11 16 17 23 24
1 6 7 9 14 16 20 22 24 25 26 27
6 7 8 17 19 21 22 23 26 29
