1 4 11 20 22 23 27 30
2 7 10 11
5 6 11 17 23 26 28
10 11 22 26
8 18 26
20 21
2 19 29
5 9 10 16 20 24
6 7 10 12 26 28 29
3 4
10 12 14 16 24 30
6 12 15 19
1 3 9 11 15 20 22 24 25 29
2 3 18 24 26
6 9 12 18 22 25 28
8 11 13 16 26 28
7 14 17 18 23
8 10 14 22 23
4 12 13 17
6 13 19 27
15 17
1 2 4 10 16 24 26 27 28 29
3 9 13 14 19 21
1 2 25 26 29 30
2 10 11 12 13 14 21 25 29
2 3 7 11 22 26
15 23 30
2 8 18 20 23
2 4 7 23 27 29
3 7 16 18 22 23 26
6 8 19
21 26 29
11 13 21 25 28 30
20
26
5 14 20 22
3 8 13 14 27 29 30
18 24 25 26
1 4 6 15 20 22
5 10 14 23 26
1 7 17 26
2 5 8 9 16 21 22 25 27
3 22 27 29
22
13
4 13 15 23 25 27
3 7 28
4 5 7 11 22 25
6 7 13 15 16 18 23 25
2 17 18 25
9 13
3 11
20 26
1 8 14 30
4 25 26 28
11 17 25 27
1 4 6 7 15 27
2 10 27
3 8
4 11 18 24 26 27
3 7 15 18 20 27
8 13 22 27
8 11 20 23 25 26 29
8 15 20 27 29
3 5 10 17 18 19 23 30
5 19 27 29
1 6 9 15 16 18 27
2 5 10 25
2 8 13 26
11 13 15 18 21 24 26 28 29
8 19 22
4 5 26
20 23 28
11 13 17 19 27
15 16 20 24 26 28 29
11 15 20 26 30
3 5 12 13 14 15 16 17 22 23 25 26
3 7 19 20 23 26
17 22 26
10 13 15 19 23 27 28
6 7 8 13 16 18 24
4 21 23
3 7 18 23
2 12 15 17 20 24
11 13 15 22
13 15 18 19 21 26 29
11 14 22 25 27
8 16 28 29 30
13 16 17 19 26
8 15 20 29
8 10 12 14 27 30
5 9 21
13 17
10 16 19 25 28
7 16 19 22
4 14 23 26
1 2 5 20 27 28
4 8 22 24 25 28
1 11 13 20
4 7 9 18 19 22 23 24 25
6 15 16 23 25
3 12 14 17 21 26 28
6 7 8 10 16 26
2 9 22
1 2 3 10 12 18 21 25 30
2 22 26
8 15 25
16 27 29
1 8 11 13 20 24
4 7 17 21 22 28 30
7 11 27
12 14 18 22 28 30
10 15 28
2 4 20 29 30
23
2 5 13
2 7 15 21 28
1 10 14 27
8 18 24
5 13 18 22 24
5 21 30
2 13 14 18 19 23 25 30
9 10 17 30
4 15 16 26
6 19 20 22 24
9 15 16 18 30
1 2 4 19 23 24 27
7 14 15 16
1 3 5 9 11 20
5 6 14 16 17 19 20
4 7 25 28
1 5 6 17 18 25 26 27
5 9 16 20 24 30
2 5 6 15 19 22 29 30
4 29
13 15
6 13 18
3 7 8 9 11 12 13 17 27 30
7 14 17 27
1 3 10 15 18 20 21 22
3 11 12 20
3 15 17 24 29
13 14 16 19 22
1 12 14 21 29 30
1 2 4 7 15 26
1 9 13 23
3 6 8 24 29
11 17 19
4 9 24
6 10 15 16 24
8 12 21
2 7 14 20 26 29
1 9 12 15 24 26
2 6 7 23
6 11 19 24 28
7 19 23 29 30
5 8 9 16 20 23 29
23 25 28
8 13 29
4 14 15 18 21 24 25 27
10 25
2 5 13 16 17 24 27 30
6 7 9 10 17 20 27
6
4 6 7 14 20 28
1 4 5 6 16 20 23
1 5 24 25 30
3 5 8 19 26 29
6 30
7 12 19
5 17 25 27
10 16 28 29
4 11 15 18 22 24
6 19
14 22 23 27
4 17 20
8 16 28
1 8 10 13 19 26
26
3 21
18 21 29
1 17 21 24 26 27 30
14 23
3 12 21 22
1 2 12 14 23 30
9 11 17 20 23 27
6 17 25 29
6 9 12 17 22 25 30
3 23 27 29 30
4 6 9 11 24
7 21 22
1 9 24
5 23 29
18 25 28
8 16 18 20 25
16 17
19 24 25 26 29
8 12 26 30
5 8 15 20 26 28
7 12 26
