7 9 10 12 13 14 15 20 21 25 30
1 3 7 9 16 20 25 30
3 6 11 17 26
7 8 10 11 14 15 25 28 30
1 3 5 8 14 26 28 29
2 4 9 13 19 20 22 27
2 6 7 9 10 12 14 16 21 22 23 30
2 5 9 10 12 13 15 21 22 23 27 28 29
5 6 11 12 13 15 17 20 22
3 5 10 11 14 15 17 18 26
6 7 9 10 12 15 18 25 26 27
3 4 5 12 14 15 16 19 20 23 25 26
4 5 7 9 14 15 16 17 19 23 25 27
5 10 12 16 26 27 28
6 7 10 15 16 18 23 24
3 11 15 17 19 21 24 25 27
2 4 10 11 13 17 20 21 22 23 24 29
4 7 18 20 21 22 23 28 30
2 3 6 10 11 12 15 19 22 23 25 26 28
4 10 12 13 18 21 25 26
4 9 11 15 18 21 22 24 28
7 8 10 16 17 20 29
2 9 10 13 15 22 24 28 29
1 2 9 10 13 21 23 25 27 29 30
1 2 5 6 8 11 17 18 19 20 25 27 28 29 30
3 6 8 9 10 15 16 17 27 30
9 10 18 20 22 23 24 25 28
1 4 13 15 16 18 19 20 21 28
1 5 12 14 15 16 17 18 19 24 26 28
1 3 4 5 6 7 13 19 20 23 25 27
2 4 5 6 8 9 10 11 12 16 18 23 24 25 26
5 7 8 15 17 19 21 23 24 28
3 5 9 10 11 12 13 16 17 19 20 23 24 25
1 2 17 20 21 22 23
1 7 16 20 21 22 28 29
5 12 14 18 19 20 26
2 4 7 9 10 11 20 25 26
11 13 15 19 23 26 29 30
1 2 3 7 9 11 12 22 27
5 8 10 16 23 28 29 30
1 8 10 14 17 18 19 25 26 28
12 13 18 22 23 28 30
1 6 8 9 10 22 24 25
9 12 13 17
4 7 9 13 14 15 16 20 21 24 27 30
6 10 13 15 21 22 24 25 28
10 13 14 15 20 21
1 2 3 7 9 14 15 22 24 27 30
2 19 21 22 23 26 27 29 30
1 2 3 4 7 8 9 10 11 12 13 23 28
1 3 9 11 14 15 17 18
2 6 11 13 15 21 23 24 25 27
3 5 10 11 14 18 19 20 23 25
7 13 14 15 19 22 23 24 29
4 5 8 9 13 15 17 18 22 24
10 11 17 30
2 6 8 16 18 19 20 21 22 26 30
2 4 5 10 12 14 18 21 25 27 28
1 17 21 23 24 30
4 11 12 14 15 18 21
1 4 10 12 14 15 16 24 26 28
3 4 5 12 16 17 21 25 26 29
3 5 6 9 10 11 12 20 26 27 30
3 8 11 13 19 22 23
2 3 6 7 9 16 17 19 21 27 29 30
1 5 6 9 12 18 19 24 25 27
3 4 12 14 17 18
2 14 18 20 23 26 28 30
2 4 9 14 20 22 23 24 25 26 28 30
2 5 6 8 11 19 22 25 29 30
2 3 8 11 13 14 16 27 30
1 3 4 11 17 21 22 26 27 28 30
2 9 11 13 14 18 19 21 24 27 30
1 3 5 6 14 16 20 28
4 7 8 11 12 13 16 22 25 29 30
1 3 8 9 11 12 14 18 19 24
2 5 6 7 8 11 12 18 22 23 24 26 28 29
4 18 22 25 28
1 3 5 13 15 24
2 7 8 19 25 26 29
1 3 4 5 9 10 13 16 26 28
7 10 12 14 20 25 26 28 29 30
4 8 12 14 16 21 22 24 29
3 9 13 21 23 28
5 6 7 10 12 17 19 25 29
4 5 12 23 26 29
1 2 6 7 9 10 16
1 9 10 13 16 18 20 22 26 29
1 3 4 6 8 9 19 20 21 22 25 26
5 6 9 11 24 25 28
2 9 17 21 22 24 25 26
1 2 4 6 15 18 20 23 27
2 5 6 7 8 9 14 26 29
2 3 4 8 10 12 14 15 19 20 25 26 29 30
1 4 13 19 21 23 24 28
2 3 5 8 13 14 18 19 21 23 25
3 5 10 11 12 15 16 17 22 25 26 30
1 2 7 9 11 23 24 29
2 4 5 8 11 13 16 18 19 22 25 28 30
2 14 20 21 24 25
1 3 5 10 12 13 16 18 23 25 29
1 9 11 14 15 17 20 21 24 27 29
11 18 21 25 26 29 30
4 6 9 10 11 12 13 15 18 22 28 29 30
4 9 10 12 21 28 29
1 7 11 17 18 19 21 23 25 28
7 11 15 16 20 22 26 27 28 29 30
3 4 5 9 10 28 30
2 4 7 9 14 17 25 26 27
5 6 7 8 9 10 11 15 20 29 30
1 3 6 8 9 12 13 15 17 23 24 27 29
11 12 13 14 16 20 21 25 26
5 11 12 17 21 27 29
1 2 9 17 19 22 23 24 26 27
2 3 5 10 12 21 24 26
2 5 7 8 12 14 16 24 25 27 28 30
3 4 8 9 11 12 14 21 24 25 27 28
10 14 18 22 25 26 30
6 8 15 20 22 25 26 28 29
1 2 6 14 17 25 28
1 4 7 13 17 19 22 25 29
1 6 10 11 18 21 29 30
16 20 24 26 27 29
3 10 19 21 28 29
16 17 22 27 30
2 4 6 8 11 14 21 24 27 29
1 2 6 11 18 23 24 27 28 29
2 8 10 15 21 22 23 27
1 3 4 10 16 18 19 20 21 26 27 29
2 3 5 6 8 10 13 16 17 18 20 25 28 30
1 5 6 7 11 14 19 20 22 26
7 9 16 20 21 22 30
11 21 24 28
7 9 29
6 9 11 16 18 19 26 30
8 10 17 18 22 24 25
2 3 6 11 21 22
2 11 12 28
4 13 15 18 20 21 23 24 25 29
3 4 13 21 30
3 4 11 14 15 19 26 29 30
1 4 7 19 20 22 23 26 28 29
1 2 7 9 13 20 25
5 7 8 19 21 23 24 28
1 4 7 21 28 29
4 5 13 14 24 25
6 12 14 19 22
3 8 9 13 16
1 3 10 14 18 20 23 25
1 4 5 6 7 10 20 30
4 6 10 12 13 25 28 30
2 3 7 12 16 18 21 22 23 25 28 30
12 13 15 20 22 24 27
1 2 5 7 21 23 25 26 28 30
2 3 4 5 8 9 10 12 17 18 19 28 29
5 8 9 11 19
14 19 24 25
5 8 13 19 23 24 27 30
2 5 6 8 12 13 16 20 21 23
3 6 8 19 21
2 12 13 19 23 29
3 5 7 11 16 19 22 23 25 26 27 29
2 3 7 8 12 14 16 19 21 24 29 30
2 6 11 14 15 22 23
1 7 12 17 19 20 21 22 23 28
3 6 9 13 17 19 30
1 3 11 14 16 20 23 25 28
2 3 8 16 25 27 29
1 4 5 11 13 14 16 19 21 24 26 27 30
1 2 6 9 15 16 23 29
5 9 14 17 22 27
1 2 3 4 5 9 15 16 18 24 27 29
3 5 10 14 15 16 22 26 30
3 5 8 16 17
7 8 12 14 16 17 21 23 28
1 2 6 7 9 10 14 19 21 22 24 28 29
2 3 4 5 6 11 13 14 15 16 21 24 29 30
8 10 11 12 18 20 28
1 2 7 11 15 18 21 26
2 7 8 9 11 12 15 17 24 29
1 3 11 14 18 20 22 23 27 28 29
4 5 6 8 10 11 16 20 21 22 27
2 6 10 12 14 18 20 21 22 23 25 28
1 6 10 23 28
3 4 5 7 12 13 19 26 27 28 30
1 2 5 8 9 16 17 19 20 23 24 30
4 9 11 19 23 25 30
1 3 6 9 13 16 17 19 21 22 30
1 5 8 11 14 23 25 26 30
1 4 10 11 13 14 16 21 26 28 30
1 3 4 6 15 16 17 20 24 27
1 3 6 7 11 16 20 26
1 2 4 11 14 15 27
12 14 15 20 22 30
3 5 12 22 25 27
2 3 13 16 18 20 25 28 29
1 2 3 6 9 10 13 14 23 24
3 6 7 9 10 14 17 22 24
1 2 4 12 13 14 18 19 22 25 28
5 6 9 10 13 14 15 16 17 23 25 27
