6
13
20 22
29
27
4 22 27
28 30
3 29
8 9 28
5 12
7 30
26 30
2 3 27 28
2 7 13
16 30
4
26
12 19 26
9
16
10 19
1 6 21 30
10
5
29
10 15 30
30
28 29
18
2 5
13 21 24
13 21 24
12 16
9 16
3
19 29
10 14 24
1
4 13 19
5
26
7
12 14 29
9 10 17
10 17
3 18
15
11 15
2 14
24 29
9 20
18
17
12 23
2 3 7 16
4
11 14
2 8
3 24 28
23 25
8 26
3 8
3 8 10
11 26
1 29
4 29
14 24 28
4 22
23
19
4 7 18
16 19 22
1 6
1
12 28
9
10
3
16 23
12 13
11
18 20 27
22
16 18
9 21 22
11
2 12
26
20 21
11
11 22
8 11
3 25
4 25 30
2
4 5 17 22 24
10 21 28
9
21 24
4 5 30
24
11
17
16 25
6 27
1 3 23 24
4
26
11 20
19 20
11 25
4 12
6 7 8 26
8
4 17
9 10 25
14 30
13
3 13 24 29
10 17
20
4
17
5
8
8 9 12
7 11 27
7
14
17
8 17 20
7 23
9
6 21 28
16 29
13 19
8
15 21 23
27
23 30
8 9 15
12 24
6
6 25
17 19
29
3 4 8 12 29
15
16
26
27
8 9 16
3
9 15
16 19
27 30
3 18
10 16
2
16
6
8 15 16
2
9 18
25
11 27
16 23
10 17 26
13 28
11
12
28 29
23 28
22 27
30
8 16
10 12
12
10
3 15 28
2 8 19
1 25
9
5
4 26
5 19 20
6
9
3 6 16 17
1
23
2 15
10
4 5 16 26
20
25
1 10
6 25
6
21 30
