5 6 10 14 20 30
11 25 29
3 5 6 17 18 22 30
2 3 8 12 17 18 19
14 27
4 6 7 9 27
5 8 15 16 18 20 21 26
5 28 29
4 21
5 16 19 24 25
1 4 5 8 10 11 17
3 17 18 28
8 30
2 10 11 24
2 3 11 12 16 19 27
1 8 18 26 28
3 4 6 7 8 18 20 23 26
1 6 9 10 13 20
1 2 3 6 11 12 14 17 19 20 22 24 26
4 8 13 23 24 27 29
10 12 21 22 29
1 3 7 8
1 6 11 16 27 28
4 19 22 30
6 11 22 24 28
5 11 12 18 20 22 26 30
4 10 11 13 14 15 16 28
2 4 6 14 15 23 28
3 10 14 17 18 20 22 28
5 11 14 18
4 6 7 18 29
7 9 13 14 18 19 25 28 29
22 23 26
1 2 5 7 8 12 22 25 26
3 4 8 15 16 17 21 22 25 28
3 9 15 20 23 24 27
4 5 6 9 18 22 25 29
23 24 26 27
9 19 24
7 8 12 15 20
1 5 8 10 12 13 19 20 22 23
2 7 13 16 21 24 29
9 10 15 22 23 24 26
1 4 8 15 20 23 25 26 29
4 5 6 12 22 25
12 19 20 22
3 4 8 12 25 30
2 3 5 15 17 19 22 23
3 5 10 26 28
5 20
7 19 29
1 5 6 9 11 14 16 18 21 23 28
1 5 6 11 14 16 17 21 22 24 29 30
1 4 13 19 23 25 30
1 10 15 16 27
6 9 10 11 13 14 22 23 25
1 3 4 6 7 17 30
2 4 11 13 14 17 21 22 23
9 12 14 16 18
1 3 4 9 13 14 21
5 28 30
1 5 19 21 30
12 17 24 25 29 30
6 7 8 9 10 15 19 23 25 27
14 16
10 15 17 24 25 26 30
2 5 7 14 18 21 23 24 26 28 30
2 4 9 10 21
11 15 21 23
9 12 14 20 24
4 10 11 19 20 22
5 10 14 15 20 21 24 28
6 18 19 24 25 28 30
1 3 12 14 15 16 21
2 9 13 17 28
6 10 17 18
1 3 12
4 6 8 11 22 23 28
6 11 18
1 7 9 10 11 14 15 26 30
1 6 7 19 22 23 24
15 16 18 23 29 30
6 14
3 14 20 25
2 3 4 7 13 19 28 29
5 13 18 26 27
29
2 6 8 12 13 20 26
2 21 30
8 14 16 21
1 3 9 14 17 19 24
13 15 18 21 23 24
4 8 10 12 13 21 22 26 27 28
4 12 13 18 20 24
1 3 4 15 19 29
4 12 14 20 22 24 26 29
3 4 5 8 16
10 16 18 20 22
1 2 17 19 26
1 7 8 10 21 22 23 27
1 4 5 12 13 21 23 24 25 27
2 11 13 18 23 26
4 12 16 17 28 29
10 15 29
2 4 6 8 12 15 18
4 16 23 28 30
3 19 24
3 6 12 15 16 17 20
6 7 11 14 16 22 25
2 3 4 5 8 9 11 20 23 28
4 13 22
4 5 13 20 21 25 30
2 6 11 18 21 25
2 26
2 4 5 19 20 24
1 9 10 14 24 29
4 8 9 11 12 13 21 24 25 26
4 5 6 10 12 17 19 24 30
20 25 26 27
5 14 15 16 18 21 28 29
4 6 9 15 19 25 26
3 6 9 16 24 26
11 13 23 26
2 14 17 22 23 24 25 29
3 7 20 29
2 4 10 18
2 7 10 12 13 19 24 28 30
18 28
7 12 14 16 18 20 30
8 11 13 15 16 25 28
9 13 18 29
1 10 16 21 26 30
5 11 12 15
8 17 18 19 20 23 26 29
2 3 5 7 12 13 18 19 22 23 24 26
3 9 10 22 29 30
1 3 4 7 13 18 19 21 22 25
3 16 21 22 24 30
1 6 12 15 22 23 25
6 11 13 14 15 23
4 8 11 12 27 30
6 9 15 20 25
15 22 23 30
7 9 15 20
1 4 9 11 15 18 20 24 26 30
1 5 8 9 25 28 30
3 6 14 17 25
2 3 29
7 12 13 28 30
4 6 10 14 15 28 29
1 5 8 11 18 21 25
1 9 10 18
3 4 5 13 15 29
5 15 21 22 24 28
2 5 7 8 11 16 28
7 10 27 28 30
2 4 16 17 23
4 7 23
28 30
2 3 5 10 11 14 29
6 14 16 17 19 24 27
4 7 11 14 15
5 15 27 28
1 6 7 8 22
4 8 9 11 14 17 21 29
2 7 12 13 18 27
10 15 16 20 22 23 24
2 7 8 17 19 21 23 24
6 10 12 15 25 27
3 4 16 17 19 27 30
8 10 11 15 20 22 24 28
2 15 21 24
5 14 16 23 24 28
3 17 21
4 9 11 13 27 28 30
2 5 14 23 24 29
3 19 20 21 23 25 27 29
5 8 11 16 21 30
6 8 10 11 15 23 24
5 9 17 18 21 24 27
11 12 20 22 23 24 25
7 8 16 23 28
7 8 13 18 28
3 9 13 14 15 16 19 21 23 26 30
2 5 6 10 13 16 25
4 9 22 30
4 5 6 8 16 21 22 23 25 30
1 6 20 22
8 9 10 15 16 17
3 4 7 10 16 17
1 4 6 11 17 23 25 30
2 20 21 29
2 10 30
9 11 13 25 28
2 3 17
7 12 15 25
1 5 9 13 17 21
3 10 14 15 19 21 22 25 26
1 10 23 28 30
12 13 16 20 22 24
