1 3 8
15 26
14 21 26
3 7 8 16 20 23 29
18 25
26
7 22 23 24 30
13 18 21 23
20 24
9 20
10 11 15 17 19 23 30
19 26 28
3 7 18 21
5 14 25 28
2 6 12 17
1 21 24 26 27
12 13 21 25 29
13 16 29 30
6 12 17 20 24 25
3 22
6 30
15 20
8 16
3 22 24
11 21 22 30
10 16 19 21 23 25 29
14
17 21
1 2 29
6 18
7 9 12 21 27
11 23 24
1 3 5 29
4 30
5 6 15 18
3 24 28
11 13 27 28 30
6 22
1 12 13 18 19
11 15 25
4
12 15
10 13 17 22
22 23 27 29
6 7 10 25
8
29
8 17
5 21 22
7
26
1 5 6 12 17 18 27
2 24 26
11 23
29
11 18 24
8 14 25
3 24
11 19 23
1 8 10 14 25
9 11 15 27
22
4 6
1 2 4 11 19
8 22 26 28
2 5
10 28
2 8 11 13 19
2 7 24
4 5 18
16
3 5 14
4 6 14 17 22
3 25
5 9 17 20 26
1 12 21 22
19 21
4 14 27 29
8 9 14
11 14
25 30
3 4
6
1
2 3 16 30
5 12 18 19 20 25
1 5 8 9 15 18
12
26 27
3 7 16 22
18 19 23
18 19 26 30
4 9 21
3 9 11 18 23 27 29
9 20 25
22
4 5
1 7 8 28
6 9 13 15
7 11 28
3 4 27
2 11 27
8 23
7 13 16 21
5 8 17 21 27
8 11 13 24
1 6 12 15
4 7 25 29
10 16 20
29
11 20
14 21
15 26
3 10 12 21
1 19 23 25 30
2 8 18 21 22 25
15 29
14 27 29
10 17 20 22
1 14 20 25
4 20 24 28
15 17 18
25
2 4 6 10 24
24 25
8
15 26
2 17 19 25
5 10 24
1 9 29
4 9 22 30
19 20 22
2 5 16 27
10 11 16 22 28
5 12
3 4 7
5
2 3 10
2 3 7 22 23 27
4 8 20 21 30
1 15 19 26 28 29
2 7 11 15 17
13 16
3 4
7
5 23 24 28
19 25
12 19 24 27
1 6 10 16
3 11 22 26
6 14
11 20
2 8 17 22 23 26
20
17 29
4 9 10 18 25 27 29
1 6 8 20 21
8 11 12 27
3 9 16 22 23 30
7 9 17 19 23 25
7 13
19 26
6 18
13
13
20 28
8 18 19
10 21 29 30
8 15
5 11 20
8 17 23 28
13 25
7 17 30
7 19 24
2 22 24 27
2 6 12 27 28
14
27
6 7 12 14 24
2 7 22
6 12 17 22 23 27 29
2 23 29
6 8 18 22
1 14 21 30
2 13 19 21 24 26
12
3 16 20
2 3 11 22 28 30
13 15 16 17 30
9
8 14 22 30
2 20 28
15 18 24
3 4 22
2
3 19 21 28
21
7 13 19 26 29
3 23
4 8 12 19 20
