5 13 15 19 24 25 28
2 5 8 14 15 20 21 27 29
11 14 15 16 17 18 19 20 30
7 13 16 23
4 12 15 16 20 21
4 11 15 16 19 23 25 27 30
1 4 8 12 15 23 27
2 3 5 6 13 21
5 6 9 14 19 21 27
11 12 18 19 23 26
3 4 9 10 15 19 20 24 30
7 8 11 14 16 23
3 5 9 15 16 24
3 8 16 23 25 28 29
4 13 15 19 22 25 30
6 7 8 10 11 15 17 18 23 26
7 9 10 16 17 30
6 7 16 28 29
7 18 22 25 26 30
1 3 4 14 15 18 19 23 24 25 30
2 3 16 19 20 27 28
8 10 11 18 23 27
1 4 9 11 12 20 24 28
4 8 19 23 25 28 30
2 3 17 19 20 24
8 19 20 24 30
7 12 13 15 24 28
1 9 10 11 12 18 25 26 29 30
6 8 9 10 11 13 20 28 30
4 8 10 19
1 2 4 5 9 10 11 12 18 20 23 25
2 3 10 12 21 24
6 8 9 11 15 28 30
9 11 12 13 20 25 27 30
2 6 18 19 20 25 28
5 26 30
7 10 15 19 25 29
2 4 7 8 10 21 25 29
1 6 8 14 18 25 26
5 10 17 19 23 28 29 30
8 11 15 17 21 24 25 28
12
1 2 4 5 7 8 10 14 16 24 27
3 10 20 22 28
1 6 9 10 23 26
3 5 12 13 15 17 19 25 27 30
6 12 13 15 17 18 28
1 3 5 6 14 18 20 22 23 24 27
2 3 4 5 6 12 14 16 17 18 21 22 24 25
5 7 8 12 17 19 21 22 26 28
4 5 9 14 16 18 22 23 27
1 3 11 14 15 17 18 19 20 21 27 28
1 4 8 9 16 23 28
15 21 27 29
1 6 7 10 11 13 19 20 22 27 30
1 2 18 27
2 9 11 14 15 18 22 25 26 29 30
3 5 11 12 16 21 24 26
2 5 13 20 22 23 30
3 4 7 12 15 22 25 29 30
4 8 14 20 22 25
1 2 4 5 6 9 11 12 15 16 22 24 25 30
3 11 23
1 4 6 9 11 12 13 15 21 26 27 29
1 3 6 8 13 14 24 27 28 29
2 7 9 20 21 28 30
1 4 6 8 15 22 27 30
3 8 12 19 22 23 24 25 26 27 28 29
2 3 6 7 9 11 22 29
2 23 26
3 5 13
3 10 16 19 27
3 8 10 11 18 21 28 30
1 5 6 8 12 16 26 27 29
4 5 6 9 13 18 26 29
4 22 26 27 28 30
5 10 11 14 16 17
13 25 29
3 7 14 15 17 18 26
2 5 6 8 10 14 17 22 26 28 30
7 12 16 21 24 26 28 29
3 4 7 10 13 16 19 21 22 23 26 27 28
1 4 6 8 9 11 13 16 19 27 29 30
2 4 25
6 9 10 11 13 15 16 22 23 27 28
1 9 11 13 14 16 18 19 25 27
2 5 7 9 10 18 19 21 22 23
2 11 14 18 23 26 28
2 6 14 15 17 19 23 28 30
6 9 10 19 21 23 25 26 30
1 4 12 15 17 18 24 26
6 13 14 17 20 21
1 3 11 14 19 25
1 7 8 15 22 23 24 27 28
4 6 9 13 14 17 22 23 25 28 29
5 12 14 15 16 19 24 29
1 8 10 18 29 30
1 4 8 18 21 24
4 9 12 19 21 25 28
1 2 3 10 11 18 20 21 25 26
5 8 13 25 26
5 6 10 14 15 17 18 19 24 25 26 27 30
1 4 7 9 22 27
4 8 11 12 23 25 28
2 7 8 17 25 27
9 13 14 16 20 24
6 11 12 17 24
3 5 7 13 15 16 21 24 25 26
1 3 4 6 14 22 25
4 7 8 10 12 13 15 30
1 2 6 7 8 9 23 25 28 29
13 14 16 19 20 26
1 4 18 22 23 25 27
6 7 11 13 14 15 19 27
3 7 16 17 21 30
3 6 7 15 16 21 24 27 28
4 5 6 11 15 16 18 20 22 26
3 5 9 12 14 16 24 25
2 8 10 14 15 17 18 21 23 25 26 28
6 10 11 22 25 27 28
4 5 6 8 21
1 15 17 18 27 29 30
1 2 8 9 11 14 16 26 28
7 15 17 18 26 27
2 4 5 6 11 12 22 29 30
6 8 11 13 17 19 23 27
7 9 13 15 24 28
3 9 15 27
7 8 10 14 25 26 28
5 8 9 12 17 20 28 29 30
1 4 5 14 20 23 27 29
2 4 5 12 18 27 28 29
5 6 18 19 23 24 30
3 12 14 16 17 19 20 23 27
10 12 14 15 17 18 19 21 26 28
1 2 11 12 21 22 26 29
9 22 25 27
1 2 5 8 13 14 15 16 25 29
2 4 8 13 19 21 23 26 29
5 6 7 12 13 14 17 19 21 24 29
2 4 5 9 12 20 22 24 25 26 29 30
2 12 16 19 21 22 24 27
3 5 6
4 14 16 17 25 29
3 5 6 14 15 17 21 22 23 27 29
2 9 16 18 23 26 27 30
1 3 5 9 12 16 19 22 24 26 27 28 30
10 16 25 28
6 7 13 22 25 30
4 5 10 11 13 21 26 27 28
2 3 6 16 22 27
4 5 16 17 26
1 8 9 14 22 24 29 30
1 3 5 9 10 12 16 19 22 27
3 6 7 8 20 23
1 5 6 9 16
2 3 5 8 9 17 26 27 29
2 8 18 23
6 18 22 26
6 10 14 18 24 27
9 13 15 19 22 23 30
6 7 12 15 18 28
2 9 10 11 17 18 21 22 24 25 27 28 30
1 9 10 11 20
2 7 19 25
1 5 10 15 18 20 25 26
1 4 7 12 23
1 5 12 18 21 22
1 2 6 8 15 17 18 29
2 4 9 18 23 25 30
2 5 6 7 10 12 20 21 22 23 24 26 29
4 9 12 20
2 3 6 13 14 19 22 24 25
9 11 13 15 16 17 19 23
16 27 30
4 5 6 7 13 14 22 23 27 30
10 13 16 20 23 24 25 26 27 28 29 30
7 11 14 21 22 27 28
4 6 7 10 19 21 22 27 30
8 10 20 21 22
2 4 14 16 24 27 28
2 7 8 15 18 21 23 28
4 12 13 22 27 28
12 13 17 20 22 24 25 27 28 30
7 17 19 23 25
6 8 11 20 21 22 25 27
4 9 11 15 17 22 23 27 28
4 6 9 11 17 18 22 24 26 29
7 8 9 10 18 20 22 25
1 3 6 7 13 24 26 30
3 5 6 8 12 15 17 18 22 23 27
1 3 8 10 13 22 23 27 28 29
4 13 20 21 23 24 29
6 14 17 22 23 25 27
9 11 12 14 17 19 23 24
2 3 5 7 9 11 15 22 24 26 27 28
2 5 15 20 21 23 28
1 8 15 16 17 18 19 21 30
10 11 21 23
2 3 6 7 10 11 19 28 29
