18 24 29
6 10 11 28
1 5 8 17 19 20
2 5 15 24 26
2 5
15 18 26
13
15 22
16 26 28
4 6
3 10 27
6 9 14 20
7 9 17 19
3 4 9 10 17
11 18 21 29
19
3 18 28
19 24
7 13 16 30
3 18 24
17 30
3 8
5 8 21 30
6 9
5
2
20 21 26
4 13 16 29
3 4 12
2 29 30
5 13 20 24 27
4 28
2 4 12 15 24 29
1 4 30
9 17 18 21 26
5 6 8 16
29
1 2 3 12 24 25
7 15 20
2 10 18 22 23 24
19 22 23 29
11 24 28
1
15 20 23
9 13 15 18
18 26
6
8 9 16 18 19
9 12 17 19 26
5 22 27 29
4 10 20 27
6 23
9 16 25
16 18
5 13 27
1 2 9 14 26
1 11
1 14 20
13 21
5 7 16 25 27
2 16
4 6 25 28
10 17 18 21 25
19 30
5 9 10 17 20 25 29
20 23
7 19 30
3 9 24
2 22 24 26
3 10 20 23
5 8 14 26
2 3 4 8 13 19
9 13 24 30
7 22 24 27
3 9 17 22 29
5 11 14 30
11 21 25 30
3 16
8 14 23 25 26
10 11 17 18
2
2 4 9 24 25
17 24
6
2 4 20 28
5 21
14 16 25
3 21 24
2 16 20
14
9
9 12
1 13 14 22 24
21
2 20 23 25
4
6 16 22
10 11 15 17 23 26
2 6 9 29
20 28
8 14
1 2 28 30
1 13
2
20
3 22 24
4 7 27
2 3 8 11 14 17 19 21 28 29
6 29 30
20 25 28
5 29 30
5 10 19
27
3 11 22 25
5 12 17 26 29
2 24 25
3 23 28
18
7 22
9 16 20 24
21 28 30
6 20
9 12 26 28
10 11 13 23 26
8 15 21
10 22 24 29
18
3 18 26
10 15 18 24
15 22
7 20
23 29
4 11 19
29
27 30
7 21 26
1 6 20 23
10 19
3 14 20
14
1 4 7 10 15 16 27
12
4 7 12
12 18
14 18 21 27 29 30
6 7 15 30
5 10 12
5 6 14 16 17 24 28 30
7 12 13 20
8 23 24
4 28
9
3 18 19 30
14 21 24
2 16
2 3 17 21 22 24 30
2 16 17
5 6 22
6
21 23 24 27
1 4 10 17 18
8 20 27
14
24
14 22
29
23 30
15 29
11 21 26 27
2 20 25 26
1 3 4 14 21 24 27 30
7 13 27
1 4 13 27
9 19 25
1 16 24
6 10 25
6
17 27
19 25
2
1 11 22 29
6 23 26
17
8 13 20 21
8 13 19 24 29 30
23 25 30
10 14 20 29
10 12 15 22 24
12 15 16 25 28 30
1 3 20 27
2 9 17
16 17
4 8 17 23 24
5 17 19
7 29
8 14 15 22
1 2 3 15 19
4 9 30
1 19 21
10 14 28
