6 11 17 19 20 23 24 25
1 12 14 18 22 24 26 27
11 12 16 18 19 23 29
1 11 12 16 19 24
1 4 16 17 20
5 7 22 23
4 11 13 15 16 18
9 10 15 26
1 3 9 14 18
1 4 5 7 9 22 27
7 13 22
5 9 10 17 23 27
6 8 14 27 29
1 2 4 6 20 30
3 13 15 24 29
8 11 13 14 25
1 2 3 4 5 14 16 23 29
1 6 12 14 15 16 17 24
20 22 23 27 28
1 2 6 7 12 17 20
3 4 9 14 18 21 28
1 2 5 7 9 23 26
1 3 4 7 8 15 17 19 25 26 28
8 23 28
4 5 8 10 18 30
7 23
2 7 12 15 16 18 21 22 23 24 26
12 15 17 24 27 29
1 2 7 12 17 21 24 27
7 15 16 18
3 15 19 24 25 27
7 13 15 23 24 27 30
11 18 25 28
10 11 13 15 21 22 24 27
1 2 3 8 12 15 16 18 26 29 30
4 5 7 9 10 11 19 23 29 30
2 6 7 8 10 14 17 20 21 26 28 29
5 14 17 23
6 18 20 23
6 18 19
16 20 22 25 26 27
6 12 20 25
12 15 17 23 27
4 9 12 21 26 29
10 17 18 19 20 25 27 28
3 18 22 23 28 29
1 4 5 7 13 17 30
5 12 15
5
4 10 11 17 21 22 26 29
2 4 5 8 18 23 26 28
3 10 15 18 22 30
3 8 10 21 28 30
7 11 15 23 24 30
4 5 7 21 22 23 25 27 28
1 2 5 10 17 23
6 7 9 12 16 19 22 26 28
1 5 6 13 14 16 20 21 22
1 4 5 6 7 12 13 17 20 25 27
3 4 6 8 11 13 14 16 22 26 29 30
10 11 17 22 27 28 30
11 17 19 28 30
6 10 11 18 20 21 26
12 15
2 4 17 21 28 30
9 10 30
3 5 10 18 21 22 25 26 30
4 9 12 24
1 3 7 9 12 18 20 24 26 27
2 5 7 13 16 17 20 25
1 5 8 9 12 13 17 18 19 23 29
4 5 28
3 19 21
1 5 7 17 26 30
2 10 17 26 27
5 8 10 17 23 26
5 8 14 16 18 20 22
5 6 11 13 18 19 22 27 29 30
5 7 8 12 21
3 15 16
4 6 13 17
7 16 22 28
6 10 11 13 14 16 24 26 28 29 30
11 19 22
2 4 5 9 13 16
1 5 9 19 22 27
1 4 7 11 12 20
8 10 13 16 23 25 26
2 12 18 21 25
11 12 15
8 14 16 29
1 6 8 10 11 18 21 24 26
2 11 12 13 15 19 20 21
12 14 22
6 12 16 18 19 22 25
11 12 13 15 20 22 27 28 29
8 9 18 20 21 23
3 4 7 12 14 21
6 11 13 15 19 20 24 29
2 6 7 10 14 17
3 4 5 7 15 16 19 24 28 29 30
1 9 10 12 14 15 17 19 20
3 5 11 12 13 18 28
2 17 19 20 21 26 29
2 3 4 6 12 16 21 24 26 29
11 12 16 19
5 7 11 20
5 10 14 24 29
1 4 5 11 27 28
5 14 18 24 28 30
2 4 5 13 24
16 21 23 29
3 10 13 19 26 27
14 16 22 23 25
3 4 10 11 14 15 18 19 26 30
4 6 8 20 23 28
19 20 24
10 14 21 26 28
4 9 11 25 27
2 4 5 17 19 21 24
3 4 12 13 14 17 19
4 11 19 24 25
5 6 11 21 27 29
2 13
1 2 9 11 20 29
8 12 16 19 26
4 11 12 13 15 17 25
1 11 21
1 4 5 11 24 25
17
2 16 19 27
2 5 7 8 18 20 21 23 25 28
1 4 11 20
4 6 14 29
1 7 11 20 23
1 4 5 12 15 20 23
4 6 15 24
10 14 16 23 25
5 6 15 20 22 23
6 14 19 27
2 4 5 12 14 17 19 25 26 27
8 28
18 21
2 3 14 21 22 28
5 8 13 16 19 23 26 29
5 10 11 24 30
4 12 15 16
2 5 13 17 18 22 23 29
1 3 4 7 8 17 18 29 30
7 14 21 24 26 29
9 14 15 17 21
3 14 18 21 23 28
12 14 17 20 26 30
5 16 19 20 30
16 18
4 12 15 20 22
1 8 14 17
2 3 12 13 20 22 24 29 30
6 9 11 17 20
4 6 10 13 17 19 25 27 29
1 3 4 7 10 14 16 18 19 29
3 6 8 11 13 17 18 19 24 25 30
7 10 15 16 22
8 10 11 23 30
5 15
9 10 11 16
10 11 22 30
4 7 9 10 11 14 19 22 25
7 15 23
3 6 7 9 11 17 18 21
1 4 9 10 20 22 25 30
3 17 18 20
2 12 14 15 18 21 28 30
2 4 13 18 21 27
2 5 18 19 20 22 24 25 30
15 26 27
10 15 17 30
5 15 18 27 30
2 3 6 14 22 26 27
1 3 6 7 8 15 18 22 23 27
1 7 16 18 21 23 25
3 8 10 18 25
6 7 9 18 19 25
8 27
2 4 18 23 27
2 8 15 20 24 26 29
7 21 29
12 17 18 23
8 10 20 22 30
3 8 12 16 17 19 27 28
3 4 5 6 8 10 11
3 11 16 19 22 24 25 27
1 7 10 17 20 21 24
9 10 11 22 29
2 4 8 15 21 25 26 27
1 3 7 10 11 13 15 23
2 7 8 13 21 25
5 13 16 19 20 21 22 23 24 28
3 9 13 15 18 19 28
18 19 23 25 29
