1 4 7 11 16 20 21 29
5 9 16 19 21 26 27 28
1 5 6 9 13 19 23 30
14 26 28 30
2 4 5 17 21 27 30
11 14 15 20 22 26
13 26
2 5 12 16
1 14 16 19
9 11 15 20 21 23 25 30
6 8 9 14 18 28
3 8 10 14 18 21 26
1 5 12 14 18 21
2 8 11 28
1 4 7 12 13 16 18 20 24
1 10 11 15 16 18 21 24 25 28 30
1 3 4 6 15 19 22 26
7 8 11 12 20 23 28 29 30
15 16 18 22 23 27
3 4 8 10 11 23 29
1 2 3 6 8 10 11 12 13 16 18 20 21 22 24 25 27 30
6 16 21
2 3 5 6 8 9 11 24
1 2 5 6 9 10 13 18 19 22 23
6 15 16 19 22 24 25 29
1 6 9 12 14 15 21
3 7 10 12 14 16 22 29
3 6 10 11 13 14 17 19 22 23 29 30
1 30
6 8 11 13 14 19 22
3 5 11 12 24
4 6 30
7 9 10 22 29
1 3 9 13 15 16 19
2 6 8 11 13 16 17 21 27
2 3 8 10 11 13 17 27 30
2 11 12 27 28 29
2 7 13 15 21 23 24 25 27
2 4 8 9 11 17 18 19 24
4 12 14 21 22 26 30
8 11 14 15 18 24 29
3 5 7 11 14 15 18 22 23 26 27
1 3 4 5 8 10 15 16 22 23 24
1 2 3 5 7 8 9 20 22 26
2 3 5 19 25 26
1 3 10 13 23
1 2 4 7 13 14 19 25
4 6 8 9 11 13 14 17 20 24 27 28
8 16
7 8 10 13 21 23 25 27 28 29
7 13 14 21 23 25 29 30
2 4 9 10 20 21
7 10 13 19 20 29
1 2 7 11 15 17 19 23 29
2 11 13 17 19 27
1 11 13 14 17 24 25 28
1 3 10 13 28 29
5 7 10 15 18 19 20 25 26
5 6 8 10 12 17 28
3 4 5 8 10 12 14 16 17 20 26 28
7 10 11 13 14 15 16 21 22 29 30
2 13 16 17 27
9 10 13 20 25 26 29
3 7 12 16 19 23 27 28
2 3 7 8 13 16 17 24 26
4 9 14 15 17 18 19 21
1 7 9 14 21 26 29
1 2 6 7 8 14 18
1 5 7 10 13 17 23 26 29 30
5 7 14 16 20
5 7 9 10 12 16 18
6 8 21 27
9 20 26 30
4 7 11 14 16 17 20 21 22 23 26 28 30
2 3 7 8 10 18 21 22 24 26 28 29
2 3 8 11 12 13 14 21 28
2 3 6 7 10 18 20 22 23 25
3 6 12 22 24 28 30
4 7 10 15 16 17 20 21 22 23
3 6 7 8 13 20
3 5 8 10 15 16 24 26 27 28
2 4 8 10 20 25 26
1 5 7 14 15 23 29
2 3 6 8 11 17 18 19 22 24 25 27
2 5 9 12 13 17 20 21 23 24 25 29
7 9 12 13 14 16 19 21 24 26
6 12 17 18 21 22 30
1 2 4 5 8 10 13 16 17 18 19 20 21 23
2 4 6 12 14 22 27 28 29
1 2 9 11 12 13 16 19 21 23
3 4 13 15 18 21 26 29
2 7 10 11 12 13 22 23
3 5 10 11 13 20 21 22 25 29
6 7 8 14 22 27
1 2 4 11 14 15 16 18 20 26 28 30
2 3 11 13 15 16 17 21 26 30
7 10 11 22 24 26 28 30
1 2 12 20 26 28
2 7 8 13 16 17 22 23 25
7 16 19 23 25 27
7 10 21 24 25 26 29
2 10 11 13 16 18 26 27 29
1 2 6 8 9 10 16 17 20 21 22 23
2 12 15 17 24 28 30
3 4 12 13 17 18
10 15 19 20 24 27 30
1 4 6 7 10 12 15 16 17 18 19 24 26 29
1 2 3 5 16 17 29
3 4 8 14 18 19 23
17 21 25 27 28
4 5 9 12 16 21 27 29 30
7 15 18 19 20 21 22 26 27 28 30
3 8 10 13 16 18 24 28
2 3 6 7 15 19 23 28
1 8 11 17 18 27 29 30
9 16 19 21 29
8 10 15 16 18 28
19 20 21 29 30
5 6 9 10 23 24 28
2 8 11 14 20 22
1 20 22
5 7 13 17 18 27
3 5 9 10 14 16 22 28 30
6 7 21 23 28
5 21 26 27
6 11 18 19 25 28 29
5 7 8 13 21 22 30
4 5 8 11 12 16 21 27 30
1 3 4 14 15 17 30
1 5 6 10 22 28
1 2 8 13 17 19 22 27 28
4 8 12 13 14 17 19 22 24 26 30
4 10 14 15 18 22 29
2 4 5 14 21
1 6 12 16 18 23 25 26 30
4 5 8 11 15 16 18 19 20
5 6 11 13 15 26
7 8 10 13 24 25 26 28 29
2 8 9 11 17 18 23 24 25 27 29
1 3 6 10 17 21
2 4 8 10 14 16 19 20 26 27
3 4 6 8 10 14 17 19 25
2 5 7 8 15 22 27
7 10 22 30
3 8 14 24 29
11 14 16 18 19 24 25 26 27
2 9 10 15 26 28 29
2 8 11 16 19 20 24 27 28 30
5 6 18 21 22 23 24 30
6 7 9 10 15 17 22 23 24 26 29
2 5 7 9 10 12 22 24 25 26 27 29
5 11 21 22 26
2 12 17 30
1 5 11 14 16 18 23 28
2 4 8 9 10 12 15 21 23 26 29
3 15 16 17 21 23 24 30
7 10 15 18 20
1 2 3 7 8 23
3 6 9 10 12 13 25 27 30
1 5 7 10 11 16 27
3 4 11 12 13 14 25
1 15 18 29
2 12 17 19 22 28 30
3 4 6 11 12 15 16 18 22 24 26
2 6 7 9 12 26
8 13 14 17 18 21 29
6 7 8 13 14 17 20 24 26
2 12 13 19 21 24
3 4 13 19 20 23 24 26 28
5 9 16 19 27 29 30
1 5 6 7 14 18
3 7 17 20 21 22 23 25 27 30
2 4 5 8 10 12 13 14 24 29
8 21 22 24
8 12 18 23 26 29
3 11 20 21
1 10 13 16 17 23 25
4 5 12 15 18 22 23 26
1 8 10 15 18 30
8 10 15 16 20 21 28
1 6 11 22
1 6 9 11 14 16 18 20 21 22 25
2 6 7 23 29
7 9 11 17 20 23 25 26 28 29
4 10 11 13 15 17 19 24 25 26
1 14 19 26 28 30
2 5 6 7 9 26
15 21 22 24
2 3 4 6 7 13 21 23 30
5 9 10 17 21 24
2 10 13 14 16 22 29
5 9 24 27
4 7 11 12 20
7 11 12 15 20 25 26 30
6 9 12 15 20 25
5 6 13 16 24
2 18 19 23 24
8 12 13 15 16 18 21 24 25 30
2 3 4 8 9 12 13 18 19 20
2 3 5 6 10 12 16 21 23 24 28 30
