3 8 21 26
3 20
2
17 19 23 29
2 22 23 28
3 26 30
7
20
7 9
1
29
10 18
6
10 12 18
23
16
3 16
17 28 29 30
4 6 23
4 10
4
1
19 23 24
4
10 30
22 24 27
17
1 8 11 17
11
4 5 20
17
15 22
8
6 17 24
28
24
20 29
20 24
1 4 27
22 23 26
27
1 21
8 14
1
7
27
12 17 25
9 11
6
8 11 12 16
18 23
24
3 16 19
6 12
1
20
3
25
3 16 26
22 30
18
13 18
5
21
20
7 12
22
30
5
6 7 19
8 28 30
25 28
5 7 8
8 13 14
11 20 25
1
3 8
21 24
7 25
1 29
12 13 16
16 28
16 18
18 21 26
20 24
4 30
15
19
10
15 30
3 26 28
6
6
10 12
8 14 19
8
18
22
7 20 27
1
14
24 28
12
21
7 11
9
25
8
12 21 23
9 17 18
8
27
16 21
11 12 21
1 6
14
13 19 20
4
19 21
14 24 28 29
17
10 19
9
2 30
9 14 18 25
10
10 12 13 16 21 25
15 27
10 16 19
10 14
5 9 15 16
18
14 21 30
10 28
19
23
6
2
3 11
7
11
20 21
7 22
16
28
4 10
17 22 24
1 14
7 8 28
26
2
21
3 9 11 20
11
23
9
20
9 13 20 28
27
18 23 27
2 15 20 28
16
8 16 27 28
5 13
24
7 27
16
27
29 30
4
19
25
26
12 14
20
11 12 19
20
13
28
24
3 6
2 22
1 10 25
12
22
4 22
29
3 8 15 23
4
21
19
15 17 20
11 22 27
7
17 18 22
8
10 13
13
9
1
