1 2 9 10 12 17 19 21 22 26 27 28
1 2 3 4 6 8 13 19 20 21 22
1 2 7 15 20 26 29
2 3 6 8 11 14 23 24 30
1 3 7 9 10 14 15 24
3 4 7 9 12 22 23 28 30
1 2 6 8 13 16 23 24
4 5 11 13 14 15
5 6 8 11 19 21 25 26 27 30
2 4 7 8 13 14 15 22
3 4 5 6 13 14 15 17 18 20 21 23 25 27
1 3 8 9 11 16 18 19 20 23 24 25 26 30
3 5 11 12 14 17 20 21 22 24
1 8 10 20 22
6 23 24 25 28
2 4 9 14 19 23 26 28
4 6 7 9 11 13 15 16 18 19 23 24 25
1 4 5 6 8 9 13 15 16 19 24 25 26
5 6 7 9 11 18
2 14 21 23 26 27
3 7 9 12 17 23 25 27
1 3 4 12 14 16 18 19 23 24 25 30
1 2 7 8 9 12 13 16 18 19 20 22 23 24 25 28 29 30
1 2 3 8 10 12 13 15 18 23 26 29
2 5 6 7 14 16 17 23 24 28
16 18 22 23 27 29
10 11 13 14 15 16 19 22 23 26 30
2 3 6 12 17 22 24 25 28
1 10 12 27
3 8 11 14 15 17 18 26 27 28
2 6 9 15 19 20 22 23 27 28
13 15 21 22 23 24 25
2 8 13 19 22
1 3 4 9 11 12 15 23 27 30
6 11 15 18 19 22 23 25 30
3 5 7 12 13 17 19 20 22 27 28
1 4 6 11 12 17 18 20 21 28
1 11 12 22 26 27 29
2 9 10 13 14 15 16 24 30
3 6 8 18 19 24 29 30
1 3 14 18 19 21 29 30
4 9 10 16 19 22 26 28 29
2 4 5 6 8 12 13 15 21
5 7 9 10 11 17 21 23 24 29
2 7 11 12 15 18 26 27 29
3 10 16 22 27
1 8 10 13 14 21 24 28 30
2 3 6 11 16 18 19 20 26 29
3 7 8 16 18 19 22 30
2 3 5 9 12 14 19 24 29
4 5 6 9 12 13 17 18 19 20 22 24 25
4 5 6 16 17 25 26 27
5 7 9 14 18 26 28
3 7 12 13 14 15 17 21 22 23 30
1 8 11 13 16 17 22 28
2 3 13 16 18 20 27 29
3 4 5 6 8 13 14 16 18 23 28
2 11 12 25
2 9 12 14 22 23 25 26 27 28
2 3 5 8 11 12 16 18 25 27 30
2 4 6 10 12 17 19 22 23 24 28 29
4 10 12 17
5 8 9 10 11 19 23 24 27 30
3 6 7 8 12 13 16 19 21 25 26
1 2 11 19 20 21 22 26 30
2 21 22
2 5 7 11 12 15 16 17
2 5 12 14 16 17 23 24 26 27 30
4 6 8 11 14 18 20 21 23 24
5 6 9 10 13 14 16 17 29
4 10 14 16 20 22 23 27 29
1 4 7 9 11 13 16 18 19 20 24 29
1 3 4 5 10 15 21 22 24 26 30
3 5 7 10 18 21 23 27 30
2 3 9 12 22 26 27
3 4 7 8 9 10 11 15 20 25 27 28
4 7 10 14 15 21 25 29
1 4 11 12 14 18 22 28 29 30
1 3 4 8 9 10 11 12 15 22 26 29
2 4 12 14 22 26 27
3 6 10 11 12 13 14 16 21 27
11 13 14 16 17 24 27
1 6 7 19 20 21 25 27 28
8 9 12 16 20 22 26
3 5 6 14 19 20 23 24 26 29
2 6 7 14 15 16 18 20 21 23 26 27
3 5 9 19 20 21 29
6 7 8 13 15 19 30
2 3 5 6 9 10 19 20 22 23 27
3 8 9 10 11 20
2 4 7 9 11 16 18 19 22 24 25 28
3 4 6 7 9 16 17 19 25
3 6 7 10 12 13 14 16 20 21 22 23 29
2 4 6 7 9 15 17 19 21 23 29
3 17 18 21 28
5 11 15 20 21 24 25 28
4 7 17 18 23 28
1 3 6 8 15 21 22 23 24 25
1 5 11 13 14 15 19 20 21
4 9 10 11 13 14 16 18 19 20 22 23 24
1 3 4 6 7 13 14 15 20 21 25 26 28 29
1 5 7 8 10 12 13 17 18 20 21 22 25
10 11 13 17 18 20 22 23 24
4 5 7 8 9 11 12 15 19 23 26 27 30
1 7 9 25 26
1 7 12 15 16 17 21 25 28
5 7 8 9 10 11 12 19 21 23 29
5 9 11 14 17 18 19 23 29
1 5 6 7 9 10 12 13 14 15 20 24 25 26 29
5 7 9 16 17 20 21 22 24 27 30
1 7 10 15
4 6 7 9 12 13 16 19 27
2 5 10 12 13 19 21 23
1 9 14 15 17 18 21 23 24
1 3 9 14 20 23 24
4 6 10 11 13 16 18 19 22 24 27
4 6 11 12 13 17 18 20 22 24 29 30
3 4 5 9 16 21 22 24 27 28 29
2 4 7 11 14 15 17 21 25 30
3 6 7 11 13 14 15 18 19 20 24 29
1 5 10 17 19 20 21 27 29 30
1 8 14 15 16 17 24 25
1 6 8 10 14 17
6 14 16 20 22 23 25 28 30
1 2 3 5 15 16 17 18 19 21 22
1 5 7 8 12 14 16 20 23 25 26
2 8 13 16 19 23
2 7 11 15 17 27
2 3 13 15 16 17 20 22 24 28
7 8 12 16 19 26 27
3 5 6 11 16 18
4 17 19 25 28
1 7 10 18 28 30
2 6 7 11 23 26
1 3 4 6 7 10 16 17 22 23 28 29 30
2 4 10 15 23 24 29
1 2 6 8 9 10 13 20 22 24
8 15 19 24 26 27 28 29
3 6 7 8 11 12 21 24 27
1 2 4 7 11 16 17 24 26 28 29 30
2 3 9 12 17 18 20 21 24 25 26
1 4 5 6 8 9 10 11 12 14 16 28
3 4 6 8 10 18 20 22 28 29
1 2 3 6 11 12 13 14 17 21 24 25 29
7 8 11 20 24 25 28 30
3 4 5 6 14 17 18 19 25 29 30
1 7 9 12 17 20 22 23 24
5 7 10 12 13 14 17 25 26 30
1 2 4 7 11 12 17 18 19 20 21 22 28
1 8 9 10 11 12 15 16 17 18 19 21 22 23 24 26 27
1 4 6 9 11 12 13 15 16 20 22 23 29 30
2 10 14 17 18 22 24
3 4 8 11 15 16 18 19 20 24 25
1 4 6 8 9 14 26 30
4 14 17 19 20 22
1 4 16 17 26 28
4 6 7 18 20 22 27 29
1 3 6 11 14 21 25 26 27 30
1 2 14 15 19 24 30
1 3 5 7 8 9 12 15 18 24 26 27 29 30
5 11 13 15 17 18 19 21 22 30
4 6 8 10 11 14 24 27 29 30
1 2 6 8 12 13 17 20 28
2 3 4 7 16 18 28
3 4 5 11 14 23 27 30
1 2 14 15 17 20 27
5 8 9 13 21 24 28 30
2 5 9 12 15 20 27
1 3 8 10 14 17 19 28 29
1 2 10 18 21 25 26
7 12 21 22 27 28
4 6 15 16 17 18 22 23 24
1 5 6 8 13 14 15 19 25 26 28
10 14 15 16 21 24 28
1 2 7 11 13 16 18 20 27 29
5 11 13 18 19 20 24 27 28
5 9 11 14 15 16 17 21 23 24 25
3 4 6 8 11 12 13 19 20 21 29 30
7 11 20 21 22 25 26 28 30
2 4 17 18 20 28 30
4 9 10 11 12 13 16 19 27
5 6 7 21 22 23 27 28 30
3 6 9 10 14 19 21 27 28 29 30
7 21 24 27 28
2 3 5 7 10 16 18 25 26 27 30
6 7 9 11 12 16 18 19 21 22 23 24 27 29 30
2 3 5 9 17 30
3 5 8 13 24 26 28 29
1 5 9 10 12 15 17
1 2 3 10 11 17 18 20 24 26
2 4 5 10 12 18 25
6 8 10 12 14 17 19 25 27 29
10 13 17 18 19 20 24 26
3 11 13 15 16 17 21 22 26 27 29
1 5 6 16 17 18 19 23 24 27
1 5 17 20 24 26
2 5 8 15 17 18 20 24
3 5 7 10 11 12 14 15 16 17 18 19 21 26 28
5 8 9 10 11 15 16 21 24 29
3 5 10 12 14 17 21 23 25 30
