1 2
1 4 22
2 10 17 18 22 27
14 20 21 30
4 8 25 29
17 29
1 15 16 21
4 6 16 30
7 22 23
6 11 16 24
1 2 8 9 10 21 22 25 28
1 2 13 26 27 30
15 16 22 29
2 4 5 16 20 21 23 24 26
14 22 23 27
2 7 9 20 27
3 6 7 15 18
2 10 21
3 5 15 30
4 7 19 21 22 30
8 20 24 28
7 14 22 26
6 17 24 25
4 9 17 19 20 22
3 9 13 25 27
3 14 17
5 14 18 26
4 5 14 20 24
5 12 14 15 16 29
6 16 23 25 27
2 6 10 27 30
6 21 23 30
4 15 17 20 22 26 28 29
2 3 4 7 11 18 27
8 27
14
3 8 14 16 20 22 26 27
5 8 22
2 13 14
6 7 13
1 2 5 13 26
26
16 17 19 20 23 29
4 5 13 25
2 4 8 17 18 19 22
5 10 22
12 22 23 29
1 27
8 21 24
12 16 20
17 30
12 30
2 22
4 22 23
7 15 27
12 16 23
7 25 28
10 13 18 19 28 30
15 16 18 21 25
4 8
9 14 15 17 22
14 17 18 26
3 8 16 18 20
5 8 20 21 23 29 30
13 21 28
9 11 12 14 23 25 27
15 18 25 29
7 10 12 16 20 21 26
1 8 14 24 27
2 15 25
1 5 15 17 29
8 14 16
8 10 12 14 19 30
14 23 24 28 30
1 3 4 12 21 28 30
2 13 17 23 24 28 30
5 7 8 12 18 22
3 9 30
2 3 11 12 21 23 25 27
2 16 26 29
3 4 7 9 10 16 27 30
11 13 20 21 29
7 14 27
4 10 13 14 26
1 8 9 16 18 25 28
12 16 19 28
2 9 17
4 8 14 15
4 5 8 11 13 19 23 24
5 10 11 19
3 4 11
1 3 4 5 13 20 22 24 26
1 2 12 15 19 22 28
1 4 25 29
8 11 27
4 8 14
4 5 21 24 26
3 6 7 9 10 16 21 27 29
9 16 17 19
3 14 16 24 26
1 7 8 20 25 30
1 14 18 22
1 11 14 15 25 30
4 26
4 6 11 19 20
3
6 9 10 21 26
3 6 9 14 20 30
6 11 17 27
1
4 11
13 14 19 22 26 28
1 2 7 9 12 14 20 28
1 4 7 8 18 27
6 8 11 14 19 20
1 7 11 12 13 14 18
8 9 11 21 26 29
14 18 25
1 2 6 8 14 16 19 20 22
14 16 19 20 23 27 30
12 20 26 30
6 13 22 30
1 9 14 23 26
1 4 9 12 15 26 29
9 20 26 29
4 13 19 24 29
6 9 13 16 24
2 19 24
3 22 23 29 30
11 12 13 17
1 4 26
2 4 7 19 27 28
11 12 14 15 17 21 26 29 30
5 25 28
8 10 14 22
9 19 22 24 28
2 3 12 24
16 17 25 27 29 30
9 13 14 16 23
2 16 26
11 12 17 19 22 28
12 14 22 24 29
1 3 13 15 21
2 14 22
3 5 7 9 10 12 16 24 25 28
12 13 19 23
5 6 16 17
6 10 13 15 16 17 19 24 30
16 21 22
4 6 7 13 17 23
4 6 17 21 28
5 9 12 15 19 24 30
1 3 10 15 29
16 23 24 26
11 13 15 19 30
4 8 18 22 23
9 12 15
2 11 16 27
7 18 23
5 14 15
3 5 21
5 9 14
2 11 16 17 26
13 26 29 30
13 15 19 24 25
4 12 18 26 30
3 9
3 9 11 15 26
5 13 15
1 2 8 20 30
4 5 7 16
3 5 7 12 17 21 25 27
10
1 7 15
7 22 24 27
4 10 12 14
1 13 17 25 27
8 26 28
8 10 13 17 22
2 6 13 15
11 24 27
3 5 29 30
4 16 19 20 21
5 8 13 18 25 27 29 30
2 25 26
3 17 23
21 28 29
9 16 26
3 4 6 17 26
4 12 14 15
2 8 10 13 14 15 18 29
1 3 14 15 21 25 27
17 20 21
15 22 25
3 6 11 27 28 30
4 9 25 29 30
1 12 20 21 22 23 24 26
9 10 11
2 17 24 25
10 22
