7 8 28
19
24
24
5 9 10
1 28
4 21 29
4
7
3 23 28
12
10
9
28
17
9
9
14 25
24 27
6 15 29
1 8
6 10
19
3 20 24 28
1 8
25 27 29
5 30
6 14
8
3
17 27
11 16 22 25 29
17
7 11 24
2 7 11 23
20
4 10 21
11 18 25
9
5 7 21 29
17 20
3 25 28
8 24
10 16
19 22
25
15 19 28 30
23 26
9
13
11
8 16 22
5
2 19
20
1 8 17 20 21 28 29
10 24
17
14
4 16 26
23 26
5
29
22 23
12 20
14
9
20
27
11
5 22
26
24
21 27 29
7 12 16 26
2
27 28 30
4 30
26
22
23
23
17 19 26
1
19 20
22
24 30
11
6
6 13
10 11 12 24
4
13
16
3 15
7 14 17 27
9 14 25 30
27
14 18
15
12 26
8 12 13 24
5 23
30
7 20 30
13 14
14 19
14
15 20
4 5 9 11 24
4 8 14
17 21 24
3 7 15 16 27
2 9
26
2 13
19
22
16 30
12
21 29
8
3 5
12 27
1 9 28
23
3 12
8 14 16 23
24
16 26 28
10 13 26 29
2 9 13
8 13 28
18
10 16 25 26
1 12 25
8
3
6 7 25
15 19
3 25 27 30
22
8 11 26
3 9 30
3 20 22
23
26
16 24
8 20
6 12 15
17 26
27 29
22
7
12 28
3 16
4 7
28
15
18 21
6 10 30
1 8 13
11 20
21
10 16
18 21
3 12 15 29
18 24 26
5 21 25
11 20
10
1 19
19
3 7
11 15
6 12
22 29
2 5 14 20 28
9 19
29 30
1 17
5 15 29
3 24
8 10 13
21
9 20
1
10 30
10 23
17
3
5 11 15
17 30
12 19
15
21 28
3 21
14 15
19 20
3 21 22 27
