4 6 9 16 18
6 10 12 16 22
2 12 19 27
6 20 29
4 5 7 8 12 14 19 20 27
1 16 17 21
6 26
3 9 11 13 26 27
2 6 7 18 22 26
3 23
13 19 21 28
7 17 25
2 5 6 16 24 26
1 5 11 24 27 28
9 18 23
10 20 26
14 15 19 20 29
7 8 9 14 16 29
6 8 14 16 20 21 23 24 27
2 7 26 30
3 12 16 21 22 26
10 20
4 7
9 14 24 25 27
6 7 15 22 25 28
12 17 18 21 23
1 29
11 16 21 23
3 5 10 21 27 28 30
8 23 25 27
10 26 28
2 8 19 24 27 29
2 7 8 14 16 17 20 22
7 22 30
10 17 18 23
14 25
6 8 17 19 23 29 30
18 21 27
10 17 23
8 17 23 25
7 14 17 19
9 27 28
6 10 11 22
17 23 26
11 15 25
1 22 27
5 8 13 16 17 27 28
2 8 10 17 18
20
3 8 12 14 27
4 23
12 14 15 20 26
1 6 8 13 14 27
3 8 9 20
1
2 3 12 13 21 23 24
5 14 21 23 30
11
12 16 25 27
4 12 17 19 25 27
25 27 28
16 24 27
23
1 6 8 10 12 17 19 27
13 19 25
8 15 21 28 30
1 2 4 6 14 18 29
6 13 17 20
9 14 22 23
5 6 13 26 27
3 10 16 20 23 24
5 9 11 17 18 26
1 7 23
10 14 15 19 25 30
1 11 19 27 29 30
2 8 22 27 28
4 8 29
1 9 15 17 19 21 28 29
1 12 23
4 9 12 21 26 30
2 16 17 26 30
10 12 19 25
6 17 23 27
1 2 26
5 9 13 16 17 29
1 3 5 13 14 23 25
11 15 16 23 27
4 20 22 30
5 14 17 21 30
9 12 17 28
1 4 15 29
5 8 9 12 16 17 19 28 29 30
12
12 13 14 18 29
1 6 15 18 25 27
1 10 21 29
5 9 14
6 8 10 24 26
3 4 7 20
14 19 23 25 28
3 7 9 12 18 20 26 29
4 6 12 13 18 24 25 27 28
5 11 23
3 9 12 14 23 29
13 18 25 27 28
2 3 13 14 22
24 25 28
2 16 18 21 29
1 4 22
1 20 23
5 7 13 20
3 10 12 14 15 17 22 27 30
16 21 22 23
2 13 22 30
1 6 21 30
5 6 9 14 30
7 9 11 12 24 28
4 16 22 29
10 11 14 18 20 23 26
4 6 7 27
2 3 8 11 14
5 17 22 25 26 29
2 6 25 29 30
1 8 12 13
15 25 29
9 16 17 22
2 12 14 16 19 20
11 17 21 28
1 5 6 22
3 14 17 18 21 29 30
12 19 21
8 11 13 18 23 24
4 6 9 10 11 20
12 18 28
3 20 22
3 9 15 19 20 21 22
3 5 13 14 21 22 25 28 30
2 12 15 26 29
1 4 30
12 16 18 19 20 28
1 19 20 25 28
1 9 13 18 20
17 27 28
7 24 25 30
7 8 23 29
3 6 7 16 21 25 27
2 10 24 25 28
13 15 17 22 24 25
5 16 19 20 23 27 28
12
14 28
5 8 19
1 16 21 24 29
7 12 13
3 8 12 13 19 20
22 29
5 6 14
1 9 17 27
2 7 11 13 14 21 27
1 4 11 28
1 8 11 14
5 21 26 30
8 22 23
14 17 20
14 17
8 14 22 23
11 21 25 29
2 9 11 13 22 26
1 5 8 11 14
15 19 28
15 23 29
8 18 23 30
11 12 17 25 29
6
3 12 15 18 24
2 14 15 19 26
10 19 22 27
2 3 4 6 13 14 29
4 15 17
21
3 4 8 10 11 17 22 30
5 7 13 16 17 19 21 28
26 30
7 14 24
4 5 10 11 16 28
19 26
4 7 11 13
8 21 22
1 11 14 17 20 21 24 29
17 18
2 3 25
3 5 6 8 9 20 24
3 5 9 17 22 23 27
16 20 21
1 11 14 16 26 29
7 10 15
1 5 10 26 27 28 29
9 10 14 24 25 27
5 8 17 23 25 28
11 24
