6 7 9 10 18 24 28
2 6 11 14 15 18 19 20 24 26 27 28 29
2 3 4 6 8 15 17 20 27 30
6 7 15 16 19 23 27 29 30
1 3 5 9 13 25 27
3 5 6 8 9 13 17 20 23 25 27 30
11 14 15 16 24
2 12 14 16 19 20 21 24
9 12 16 19 22 29
2 4 7 8 11 20 22 28
2 7 13 16 25 30
5 7 8 15 21 26 28 29
8 21
11 12 18 19 23 25 28
2 7 8 14 16 22 27 30
8 12 15 28 30
2 3 9 21 26 29
2 5 6 19 23 25 26 29
1 3 9 10 16 17 18 24 25 27
10 13 14 16 20 24 30
11 13 16 17 20 21 27 28 30
3 6 10 15 16 18 19 20 24 25 26 27
2 5 13 20 24
2 9 10 13 14 16 17 21 22 24 25
1 4 11 14 21 25 26 27 29
1 14 16 22 29
1 17 18 20 22 30
3 7 10 15 17 19 28
1 2 5 9 15 20 27 30
1 3 5 9 11 17 19 22
6 8 10 11 23 24
3 9 13 17 19 20 21 23 24 29
3 10 11 12 20 25 27
1 2 4 8 10 11 23 30
4 8 12 27
1 5 12 14 25 30
3 4 15 18 20
3 5 8 9 12 15 16 18 29
1 2 3 7 9 10 17 18 19 20 21 26
1 5 17 21 23 29
4 9 10 13 14 17 21 22 23 25
7 8 12 14 15 17 19 21 22 27 28 29 30
3 5 7 11 12 15 17 19 21 22 25 26 27
1 5 14 24 27 28
10 20 21 24 28 29
3 7 9 10 12 17 19 22 27 28
1 9 13 20 24 26 29 30
1 5 12 13 14 17 18 28
5 13 17 18 24 26
2 13 20 24 25 28
4 5 6 9 16 21 22 25 26 27
1 4 10 13 22 23 24
1 2 5 7 14 23 25
1 7 8 10 13 14 17 19 25 28 29
4 10 17 18 20 25 29 30
6 7 9 12 14 19 23 24
7 10 14 24 25
1 4 7 8 9 10 13 14 17 21 22 24 26
4 8 12 23 25 26 28 29
1 2 3 4 5 8 9 10 11 18 19 21 22 24 29
1 5 6 7 9 10 11 13 14 16 20 22 30
3 8 10 13 16 24 26 27
4 6 7 9 11 13 17 21 22 24 27 29
6 8 15 26 28
2 4 6 7 9 13 24
19 23 25
1 2 5 6 9 19 23 28
6 7 8 14 15 18 20 21 25 26 27 30
4 5 14 18 22 23 29
1 13 19 28
2 3 5 6 8 13 21 22
9 12 13 16 17 18 26 27
1 4 5 12 14 18 27 28 29
4 5 9 13 19 23 24 29
4 13 18 19 22 30
2 3 6 7 11 17 19 22 24 25 27 29
10 12 14 17 26 30
1 5 8 11 13 16 19 24
2 9 12 13 16 25 26 28
4 5 19 25 27 28
2 10 15 18 25 26 28
8 10 15 24 25 26 27 30
6 18 21 25 29 30
16 19 21 24 30
2 4 8 10 17 19 20 29
1 4 7 8 9 10 11 12 18 27 29 30
5 6 11 12 13 16 21 23 25
4 7 11 14 16 24 26 28 29
8 10 12 13 17 19 21 22 23 24 25 28
2 3 4 6 10 11 12 14 16 21 23 25 26
1 2 6 13 15 17 19 22
12 16 17 22 25
1 19 23 25 27
2 8 12 13 17 21 25 28
1 3 4 7 9 12 23 27 28
3 4 5 9 11 13 15 18 19 21 27
8 12 13 15 19 20 21 26 27
1 5 6 15 21 24 25
5 6 8 14 22 23 25 26 27 29 30
4 12 23 24
4 11 23 28
5 6 8 10 12 16 18 21 22 24 28 30
1 4 7 11 16 17 19 28
4 11 17 20 22
2 3 6 11 20 21 23
4 6 10 14 19 20 22 23 26 27 28
3 8 16 18 22 23
2 3 6 9 12 16 17 19 20 25 27 28 29
11 12 13 17 22 24 25 27 28 29
16 21 23
1 2 3 4 8 13 14 15 16 27 29
1 2 4 5 6 7 10 22
4 7 11 12 13 14 15 19 23 28
3 10 11 15 21 26
6 12 17 24 29 30
3 4 5 7 14 17 18 22
1 5 8 18 19 21 22 23 24 30
5 6 9 14 15 17 27
3 5 6 7 10 11 12 17 21 22
3 4 5 7 8 12 15 16 19 24 25 28 29
4 5 15 18 20 28
2 20 30
1 6 7 13 16 23 24 25 29 30
7 11 13 15 16 17 18 21 23 25 26
2 14 16 21 22
4 11 17 26 30
4 6 7 10 12 16 19 21 22
5 13 16 18 19 23 26 27
7 13 21 24 26 27
11 19 22 26
5 7 14 15 16 19 21 26
6 15 19 20 27
1 4 7 9 14 19 23
1 7 10 11 18 29
1 3 11 12 14 19 20 22 26 27 30
2 12 18 23 24
1 16 20 22 25 26
9 10 16 18 19 21 24 30
17 18 21
3 17 20 24 25
3 6 7 11 12 15 28
1 4 5 8 18 22 28 29
1 4 13 15 16 21 27 28
2 15 21 24 28 30
1 5 13 15 18 27 29
4 9 10 20
5 10 11 12 15 22 28
3 5 7 8 14 20 26 28
1 4 15 19 27
8 10 13 16 17 19 20 21 22 26 28 29 30
3 10 15 20 27
2 3 15 16 24 26 27
2 4 8 9 23 30
12 13 18 23 28 29
3 4 8 12 24
5 6 11 20 22 30
1 7 8 9 26
1 5 17 19 26 27 28 29
15 17 22 30
4 8 9 14 26 29
8 13 18 19 24 26 29
4 10 12 13 14 17 20 25 26
1 2 5 12 16 20 21 26
6 14 19 26 29
1 2 9 14 30
3 5 10 12 14 17 26
5 8 19 23 24
3 7 8 16 20 23
1 5 7 9 14 16 17 18 21 22 24 26
4 5 6 8 10 11 13 27
3 4 7 8 11 12 17 20 21 22 23 29
3 5 7 11 17 27
5 10 11 24 30
5 6 7 8 10 12 16 20 21 24
2 14 15 20 21 22 24 28 30
2 8 18 25 29
5 11 12 22 26 28
4 8 11 15 16 17 18 19 25 30
1 2 3 5 9 12 13 14 17 20 21 28 30
4 5 18 22 23 26 28
2 3 4 7 12 22 24 28 30
1 3 5 6 8 9 10 12 13 14 20 21 22 28
3 6 18 19 28 29
1 12 13 15 16 17 22 24 28
6 7 13 15 17 26 27
1 8 13 14 15 22 28 29
4 6 7 9 10 21 22 23 24 26 27 29
2 4 10 12 14 24 28
9 15 16 17 28
3 13 15 19 23 24 25
2 3 5 8 12 16 20 25 26
1 4 6 7 10 14 24 29
4 9 10 11 15 17 20 23 30
5 6 8 11 28
3 13 15 16 17 28 29
11 14 15 18 20 26
4 5 7 9 17 23 26 28
9 16 20 21
4 6 10 22 24 27
2 14 19 20 21 22 25 29 30
