13 21 22 23 28 29 30
1 3 4 5 7 9 11 22 24 25 26 27 28
1 2 5 10 15 17 21 29
6 7 8 12 15 19 20 21 24 30
10 11 12 14 15 16 26 27
3 4 5 7 11 13 15 16 19 20 21 23 25
5 6 8 15 19 24 25 26 28 29 30
1 9 11 14 20 21 23 26
4 9 17 22 23 24 28
4 11 15 19 23 25 26 27 29
3 12 13 16 22 28
1 5 7 11 15 18 21 22 23 28
4 11 14 22 24 29 30
2 3 18 19 20 26 28
5 7 9 10 13 18 25
1 3 6 10 11 14 15 17 18 22 24 27 30
3 8 9 10 12 17 19 21 22 24
2 8 16 17 18 20 24 27 30
1 4 5 8 15 17 22 28
3 6 8 10 13 18 19 20 23 24
3 6 9 11 15 17 28 29
3 7 11 12 15 16 19 21 23 26 27 28
4 5 8 9 11 13 20 23 24 28
2 4 5 9 12 13 15 18 22 24 29
3 6 9 12 15 16 19 26 28 30
5 11 12 16 21 22 26 30
2 3 6 7 13 17 18 20 25 29 30
2 6 10 11 14 15 18 20 21 22
1 6 9 10 14 17 25
9 12 15 21 26
8 10 11 12 18 19 22 24 28 29 30
5 7 8 14 16 18 20 22 25 26
6 8 10 14 23 27 28
1 3 4 7 10 12 16 18 19 28
4 15 19 22 25
3 8 9 10 13 24 26 29
1 2 6 8 9 10 11 17 19 21
2 5 8 9 10 13 16 17 30
5 8 10 11 12 14 17 19 29
1 2 4 7 10 17 25 26
5 13 15 17 24 27 28
4 9 12 16 17 18 21 24 25 26 29 30
6 9 15 18 22 23 26 27 28
6 12 13 17 18
6 12 13 18 20 22 29
2 4 5 7 12 16 19 20 23 24 26 29 30
5 8 16 24 29 30
3 5 7 9 10 13 14 22 23 24 27 29
6 11 12 14 25 26 27 29 30
1 4 16 20 21 27 30
2 4 9 10 12 14 15 17 18 23 24 27 28 30
1 2 6 8 12 14 15 19 22 29
3 7 15 19 21 23 24 28
8 18 20 23 24 30
1 2 3 4 5 6 8 9 12 14 15 17 23 27 30
1 3 4 14 15 16 17 25 26 28 29
1 3 12 14 15 24
3 6 9 17 19 20 21 22 24 30
6 25 26 30
2 6 8 11 12 14 17 20 24 25 27 30
1 2 3 17 18 19 20 22 25 27 30
4 5 10 17 21 24 26 27 29
2 17 18 23 27 29
2 3 5 9 12 14 15 16 19 20 23 24
1 4 6 14 16 17 25
7 9 10 11 15 29
1 3 7 9 17 21 22 28 30
4 5 10 11 12 18 22 26
1 3 4 6 7 13 17 18 20 22 23 26 30
4 8 12 13 16 18 22 24 26 27 29
6 7 8 12 16 17 23 25 28
2 3 4 6 9 10 11 19 21 22 27 28
1 5 9 10 12 14 15 17 19 20 27
1 2 4 6 8 14 17 18 20 23 26 30
3 4 5 7 13 19 20 26 30
3 9 12 16 23 24
1 2 4 15 16 18
3 4 5 9 10 15 17 20 21 26 30
1 2 3 7 10 14 15 21 27 30
10 13 24
2 4 6 7 10 11 12 13 15 26 27 29
6 7 15 16 18 19 20 22 24
3 8 9 10 13 21 28
7 9 10 15 23 24 26
6 7 8 18 26 28 29
1 3 7 9 11 15 17 18 20 21 24 25
1 14 17 18 19 20 23 24
5 9 14 18 22 23 25 29
1 11 15 18 23 29
1 11 12 21 23 24 27 29 30
1 2 4 9 18 19
1 8 11 12 13 15 16 28 30
1 6 9 10 16 19 20 21 24 25 26 30
1 7 8 9 10 15 16 18 19 20 23 28
2 7 8 11 14 18 19 27 29 30
6 8 14 19 20
6 15 16 17 18 21 22 28
1 2 3 5 7 11 13 15 16 19 23
3 6 7 12 23 30
2 3 6 8 16 18 21 24 29
8 9 11 12 16 18 20 21 23 25 29
6 7 11 18 23 26 28
1 5 6 10 15 16 18 20 25 29 30
18 30
11 14 18 19 20 23
1 3 4 9 18 19 22 24 28
6 8 9 10 12 14 15 16 17 20 21 29
6 8 15 18 20 22 23 24 27 28
1 2 3 4 5 6 8 9 10 12 16 21
2 3 12 13 22 25 27
2 3 5 7 9 23 26
1 4 5 17 19 22 23 24 27 30
3 10 12 13 16 22 25 26 30
1 3 4 6 10 12 15 19 24 29
7 8 14 16 20 22 25 26 27
2 3 12 13 20 21 23 26
6 10 12 13 14 21 27 29
1 3 4 5 6 7 23
5 7 9 11 14 15 19 21 23 24 26 27 28
6 8 9 11 13 14 30
2 3 6 8 14 16 18 20 21 25 28 29
14 15 18 20 22 25
1 4 7 12 18 19 21
9 11 12 13 15 16 17 20 28
2 3 4 5 6 10 14 18
1 8 10 13 15 18 20 21 24 30
4 8 11 23
3 5 8 9 12 13 14 19 23 25 26 27
1 2 4 8 9 10 13 14 24 26
3 4 5 6 9 16 17 18 19 21 22 23 25 29
6 9 10 12 13 15 19 26 27 29
4 9 11 12 13 20 21 23 26 29 30
3 4 10 11 17 22 23 24 25 26 30
1 8 11 15 17 20 23 30
7 14 20 23 24 25 26 30
5 7 8 10 12 13 14 15 17 21 22 24 27 28 30
8 11 15 22 23 24 28
10 11 20 21 26
2 8 20 24 28
5 8 9 10 11 13 16 18 22 25 27 29
5 7 9 10 11 16 17 19 24 25 26 27 28 29
1 2 9 17 18 21 23 26 27
5 7 8 11 13 14 16 23 24 26 27
2 4 5 8 9 10 11 12 16 17 21 22 23 24 26 28
1 7 10 18 23 25 26 29 30
1 5 7 8 9 10 14 18 24 25 27
2 6 13 14 15 18 19 21 24 26
8 9 12 13 14 16 17 21 23 24 26 29
4 6 8 10 14 15 19 29
2 9 29
5 6 15 27
1 5 19 20 22 23 29
1 4 8 11 17 18 28 30
1 2 10 18 26 29 30
1 3 5 6 7 9 13 15 29 30
6 7 8 10 11 13 16 19 21
2 3 5 7 12 19 28 29
3 5 8 11 13 17 22 28 30
2 11 12 15 17 18 19 20 21 22 25
1 2 9 10 12 19 25 26 30
2 3 4 6 12 13 17 18 21 22 25 26 28 29 30
2 4 6 14 15 17 18 19 24 28 30
6 12 14 17 20 27
1 5 6 10 15 16 20 23 27 28 29
2 7 12 15 17 21 25
1 5 9 10 11 13 18 19 20 21 26 27 28
1 6 14 17 20 23 27
5 6 8 14 19 20 21 24
2 3 5 7 11 15 16 19 21 26
1 2 5 6 8 9 12 17 19 20 22 24 26 27 28
1 4 13 14 19 21 29
7 10 11 14 15 20 21 25 29
2 5 7 10 20 23 27 29
6 11 20 26
3 8 9 11 14 16 19 20 21 28
1 3 6 12 13 17 19 24 25 26
1 2 12 13 14 18 19 22 26 28
1 12 17 23
3 6 12 16 21 22 25 28 29
3 5 6 7 8 11 15 27
4 9 10 13 16 21 22 23 24 26
6 12 13 19 23 24 26 30
2 5 6 7 8 15 16 18 25 27 30
2 3 4 7 9 13 18 22 23 24 25 29
6 10 13 19 21 25 26 27 28
3 6 11 13 23 28
1 2 3 4 5 7 8 16 18 26 27 29 30
5 6 7 9 10 12 15 16 21 22 24 30
8 9 10 13 15 19 23 28
2 4 11 17 22 24 27
1 2 4 5 9 10 11 12 13 15 16 19 21 23 25 26 27
1 3 7 10 12 14 18 21 23
1 8 10 11 13 16 22 30
10 11 20 22 25 26 27
6 7 8 10 12 22 23 29
5 12 13 15 21 22 24 28
22 25
3 7 8 9 11 12 14 17 20 23
1 6 8 9 10 17 20 28
1 5 9 13 17 25 26 28
