4 16 27 29
5 11 13 26 28
13 20 25
5 12 22
16 28
9
4 5 13 14 16 24
4 13 19
9 23 25 27
2 7 18 20 22 24 26
5 7
10 25 27 30
10 11
2 3 7 12 16 20 23 25
9 10 30
11 26 28 29
6 10 12
5 6 10 12 16 20
1 6 17 18 19 20
13 19 24 28
6 23
19 20 21
2 4 12
7 8 19 27
5 15
4 14 23
10 24 29
3 12 24
14 16 24
5 13 18
13 29
22 27
3 25 29
4 5 8 11 16
5 24
4 11
11 30
18
1 26 29
7 15 30
9 26 29
3 15 30
2 15 25
11 16 25 28 30
4 17 20 22 30
6 16 17 23
1 4 25 30
28
2 24
10 17
5 10 11 29
6 13 19 20
3 4
1 27
3 9 12 24
5 11 19 20 27
10 14 15 20 30
8 24
1 5 12
11
3 22
6 10 13 20 27 28
2 6 26 29
12 13 19
3 6 18 21 22 25
7 19
5 12 13
2 25 29
2 18 25
1
8 22
22
1 3 8 14 25 29
8 9 10
13 26
3 8 23
22
30
2 4 9 20 23 24
1 23 25 27 30
14 28
7 15 17
8
11
5 6
12 14 23 26
13 26
6 9 14 26 29
5 7 12 14 18 30
11 15 16 23
1 4 8 12 13 14 16
20 21 27
8 9 15 16
12 22 24 25
6 27
15 17 30
9 13 20
5 8 11 17 25
4 11 16
25
18 26 28
5 15 24
3 6
10 11
14 28
13 21 23 30
10 28
13 24 26
2 9 19
11 14 15 28
18 22
7 20 29
1 15 20
27
5 6 11 14 21 28
11
4 6
11 14 20 29
8 9 16 26
2 5 18 19 28
1 12 16
5 7 13 15 28
7 12 23
4
8 20 21
5 17 19 30
21 30
5 17 23
21 25 26
7 23
8 20 24
17 30
8 11 25 30
10 26
27
2 8 17 23 24
4 5 14 23 25 29
24 27
2 9 10 27
18 27 30
16
1 4 5 11
6 12 18 25
2 5 10 15 17 27
3 30
10 21 29
1 6 9 11
1 7 9 21
16
3 4 5 18 29
11
2 5 6 10 13 15 16 26
15
8 12 18 19 29
3 5 9 19 21
1 6 9 15 18 24
5
13 14 15 16
3 20 24
3 14 27
7 30
5 21 22 26
10 12 13 26 27
26
3 11
13 25
10 13 26 29
13
27
9 18 28
12 19 20
6
21
17 23 29
28
1 3 14 25 26 28
14
4 5 25 30
1 16 20 21 24
13 16
11 20 24
13 20 21 27 30
8 27 28
1 7 21 25 30
16
10 26 30
9 29
1 7 10 19
17 22
4 13 15 27
2 10 20
4 8 25
11 23
8
7 11 29
30
6 13 15
2
6 25 29
14 21
