2 3 4 5 12 16
10 11 15 17 18 20 23 27 28 29
15 18 21 22
2 8 10 11 15 17 20 21 25 27
1 2 15 22
6 26
6 7 17 19 24 25
1 4 9 11 12 18 19 22
2 5 18 23 29
6 7 8 14 16 19 26 27
2 7 9 14
3 5
1 2 11 12 16 20 21
9 19 20 29
2 11 20 23 27 28
7 9 18 24
3 5 7 10 21 25
17 26
3 7 12 15 16 22 26
7 9
6 8 10 11 17 21 26
1 2 3 4 6 13 14 17 22 28
1 2 6 9 11 14 19 29
1 8 10 20 21 29
3 6 7
5 15 18 21 28
2 11 25 28
4 10 12 14 17
2 3 5 10 11 14 26
8 9 10 11 13 15 17 25
4 15 18 23
5 9
6 13 17 19 29
2 4 18 19 25 26 29
4 6 11 13 17 20 28
1 2 6 7 11 20 26 27 29
2 14 20 22 30
2 10 15 19 24 29
1 6 10 11 13 14 18 24
1 3 6 10 16 18 25 26
4 5 12 18 23 28
5 7 10 12 13 18 26 29
7 13 22 25 27 29
9 13 15 20 21 30
7 9 12 15 17 24 26 27
1 6 8 9 17 21 23 26 28 29
7 15 23 26 28
4 8 10 18 28
6 7 10 11 18 21
11 20 21 22 26
3 8 9 12 13 24 25 27 30
22 24 25 27
3 13 22 28
2 5 17 21 24 30
11 14 15 16 17 18 21 23 29
5 8 11 15 25
2 3 6 7 19 20 26
1 5 10 12 16 28 30
2 4 6 24
18 26
2 14 17 18 23 24
11 13 22 29
8 12 28
9 26 29 30
3 7 14 15 21 30
5 19 20 21 24 27
4 11 16 21 22 24 28
1 3 6 7 11
2 9
10 19 21
5 7 12 25 28
4 7 13 18 19 22 23 25 30
8 15 16 19 24 26
15 20 25
1 5 21 22 28
7 15 18 21 26
3 4 6 8 17 18 22
23 24 29
3 12 24 25 27
2 12 14 26 28
7 14 21
8 10 15 16 25
1 8 18 29
2 17 29
1 6 9 24 27 28 30
6 24 25 26 27
6 10 11 15 17 21 27 30
2 6 8 10 11 14 16 26
5 9 13 15 18 25 27
4 8 15 22 23 25
3 12 22 27
2 3 4 8 9 27
6 8 27
12 17 20 22 23
4 5 8 11 19 22 27 30
5 6 17 19 25 26 29
15 16 26 29
6 11 12 24
11 25
1 13 16 21 23
2 7 14 21 22 29
2 3 8 19 22 23
5
1 2 3 6 12 18 28 30
2 4 10 11 13 15 17
1 6 14 22
3 8 14 16 26
8 17 27
1 4 6 8 21 29 30
3 10 25 28 29
2 6 8 12 15 16
10 24 27
4 5 6 10 14 18 27 28
1 4 15 18
7 9 12 20 26 28 29
8 25
1 7 8 12 17 20 27
1 2 6 9 17 18 20 22 23 26
5 6 16 21 28 29
13 15 18 20 21 26
25
1 12 16 21 26 29
16 17 19 22 25 27 30
7 10 14
18 20 21 24 27 28
4 9 11 14 19 26
1 5 9 13 24 29
3 4 8 10 13 17 21 25
7 8 15 20 24
1 4 18 19 20
4 20 26
6 7 19 20 26 27 29
1 6 12 16 18 21 30
4 6 16 19 23 24
6 14 15 16 21 25
5 6 10 12 20 22 27 29
3 6 9 10 14 17 18 22 25 27
5 13 15 17 22 23 25 27 28
5 7 11 13 19 23 25 26 29
6 7 27
6 8 11 12 16 20 26
11 22 24
4 12
4 7 14 17 21
3 4 20
1 9 17 30
3 4 5 7 9 10 12 13 22 29
7 9 17 19 20 22 28
5 9 12 17 20
15 19 26 29
1 5 7 13 19 24 30
1 4 6 8 17 27
13 18 20 21 22 23
26 28
8 9 18 21 29
4 12 13 24 30
3 12 22 29
9 15 17 18 20 27
1 5 9 10 12 13 14 19 20
3 8 11 12 18 25 27
19 21 23 24 27
3 5 6 13 18 20 24 25 28
6 7 9 12 13 19 25
2 15 16 19 28 29
8 14 24
6 20 30
3 4 5 16 20 25 29
5 10 11 18 25 30
2 4 6 12 18 29
2 9 14 15 20 21 23 25 29 30
3 9 12 14 20 21 23 24 28 30
7 16 29
9 12 17 18 25
6 7 17 18 26 28
2 4 11 13 17 18 20 22 25
7 11 13 22 24 27 30
11 21 26 29
6 9 17 23 28
1 8 11 15 16 22 25 26 29
3 8 16 18 22 27
2 4 5 9 15 21 24 27
1 4 9 21 25 26 28 30
5 7 11 20 22 23 24 27
3 13 20 21 25
2 8 13 14 20 22 26
1 5 15 30
3 5 6 7 13 23 26
15 18
2 7 16 21 23
8 12 21 23 30
3 8 9 10 13 14 17 27 28
9 11 26
2 15
1 2 3 6 14 18 29
1 2 3 5 7 12 22 24 26
1 2 16 17
12 18 24 27 30
3 7 13 19 22 23 27
7 11 21 28 30
3 6 8 17 24 29 30
