3 5 10
7 11 14 25
6 25
20
2 4 11 12
15 23 30
8 15 16
10 11
2 23 27
4
16
5 13 15 19
2
12
27 28
14 22
18
10
1 3 22
2
25 30
7 15 23 26
26 30
1 9 11
3 10 14 17 29
4
27
6
19
20 23
27
7 20
16
8
4
1 7
1 4 12 18
18
4 6 30
23
7 14 15 23
3 7
5 27
25 30
10 18
14
12 26
17 29
12 17
18
18
2 4 14
12 15 16 17
10
11 21 23
1
8 18
19 23
4 11 21 23
1 8 28
20
18 21
10 21
22
27
25 28
7 28
2 14
3 19
1 19 23
19 23 28
14 30
9
12 18
5
6
13 20
17 18 27
14 28
3 11
7
2 3 20
8 17
10 25
12
7
1 22 29
26
10
2 3 15 18
9
7 20
22
6 9 10
28
2 14
12 15 16 28
19 27
8 16
16
26
13 16 22 26
3
7 28
6 19
5 12
8
14 27
12 13
5
22
11 16
15
22
28
3 5
4 5
13 19
6 7 28
14 26
3 21
3 15
9
5 25
28
27
3 25
28
18
1 29
20
20 22 29
3 14 22
27
25 28 30
7 24
4 6 9
12 15 30
3 12
5
15
20 29
9
11 12 30
7 30
4 8 29
7 28
11 24
8 24
23
5 29
10 18 23
21
15 21
26
7
19
15
5 13
13 15
20
12
7 15 18
28
4 16
18
3
6 9 13
2 29
1 6
11 17
14 17 29
28
6 7 15 25
17 27
6 21
2 21
11 15
7
24 25
3 11 19
5
5
15 23
4 13
6 15
23
2 19
22
14 18 27
15
2 6
10
18
23
5 18
3 5
5 18
9
20
