2 4 6 10 13 17 18 19 22 24 25 28 30
3 11 22 24 27 28 30
6 7 8 10 11 13 17 18 21 23 24 26 27
1 5 9 11 19 30
2 3 5 8 9 12 13 15 16 17 20 25 29 30
2 5 9 11 12 19 20 22 23 26 27 28 29
12 15 16 17 20 22 27
2 5 9 13 14 15 19 20 21 23 24 28
3 5 7 10 11 15 19 20 23 30
5 11 13 14 17 19 22 28 29
5 12 15 16 20 23 29
1 2 5 19 24 30
4 7 10 16 18 21 23 24 27 28
2 4 7 10 16 17 20 21 23 24 28
1 2 4 9 13 14 20 25 26 29
1 13 14 24 28 29
2 3 15 21 30
5 6 10 15 16 24 25 27 30
7 8 10 13 15 16 17 20 23 24 27 30
2 4 5 6 12 13 21 22
2 3 9 11 12 17 18 19 21 25 27
4 6 7 8 16 17 20 28 29 30
1 5 6 12 13 14 15 16 22 25 26 30
2 6 8 10 12 14 16 17 18 19 22 25 26 30
1 3 8 11 13 15 21 23 24 27 29 30
2 19 23 24 26 28 29
1 3 5 8 10 13 15 20 25 30
5 10 13 14 16 19 22 26 27 29
2 3 5 9 10 13 27
4 9 10 16 17 22 23 25 27
3 4 5 6 9 12 16 18 22 23 24 25 26 27 28
3 13 18 21 22 23 27 30
2 3 5 6 11 13 14 20 21 22 25
8 10 12 14 16 18 21 26 27 29 30
3 4 5 13 19 22 27 29
1 2 3 7 8 12 14 16 19 29
1 3 5 6 10 11 13 19 20 26 29 30
1 4 6 13 17 23 24 26
1 2 4 6 9 10 11 13 14 17 18 20 21 22 26
5 6 13 15 19 20 21 28
5 6 8 12 17 19 22 25 27 29
1 3 4 5 6 8 9 11 12 21 27 29 30
2 4 6 8 14 16 17 18 24 27 28
1 2 4 7 10 14 15 18 19 21 23 24 26 27
12 13 16 18 21 25 27
4 7 9 10 13 15 16 18 19 21 24 27 28 30
2 5 15 16 21 24 25 26 28
1 2 3 5 16 20 21 24 25 28 29 30
1 4 9 11 12 13 16 17 19 22 25 26
1 2 6 7 15 16 18 21 24 30
3 4 10 13 15 20 21 24 27 28 29 30
2 3 5 6 8 9 10 12 13 15 18 19 23 24 25 27 28
2 3 5 7 9 14 17 18 19 22 29 30
6 10 16 17 18 19 21 23 24 27 29 30
1 2 3 9 10 12 14 15 16 19 22 27 28
6 7 11 13 14 16 19 22 24 26 27 28 29
1 2 4 5 6 12 17 18 19 22 24 25 28
1 4 8 9 12 15 19 21 30
1 2 4 5 7 8 14 19 21 22 23 27 28
7 8 11 12 13 20 22 25 28
2 4 8 10 16 18 19 26 30
4 6 9 12 14 18 23 25
1 2 3 5 12 21 24 28 29 30
2 8 11 14 17 18 22 26 30
1 3 4 9 10 12 16 19 22
1 9 10 16 20 23 26 27
2 8 9 14 15 19 22 23 25 26 28
2 4 5 14 15 16 17 29 30
1 3 6 9 10 13 14 17 20 21 22 27
1 2 3 5 6 12 16 17 20 22 27
2 4 6 8 11 13 19 20 26 27
3 4 10 11 15 16 17 19 21 26
13 15 17 24 25 27 28 30
2 5 7 8 10 12 14 15 16 17 21 25 26 28
1 2 4 5 10 11 12 17 19 20 21 27 28
2 4 11 19 26 30
1 2 4 5 6 8 13 14 15 17 18 19 25 28 29
2 3 4 5 7 9 12 19 21 23 25 26 27 28 30
6 12 19 20 22 25 28
2 5 7 8 10 13 15 16 19 24 26 28 29 30
1 3 4 6 8 11 16 19 22 23 24 25 26 28
9 10 12 13 17 19 20 21 23 24 25 26 27
2 4 5 6 7 10 14 15 20 21 22 23 25 30
2 4 9 10 11 12 14 15 22 26
7 8 12 14 16 17 19 22 24 27 28 29
1 3 4 7 8 10 12 14 17 19 26
1 5 9 12 14 18 19 21
4 8 9 10 12 17 26
1 4 7 9 18 25
4 7 10 17 23 24 25 26 27
2 4 10 11 17 18 19 21 22 23 26 27 28
4 11 12 14 16 17 19 22 23 24 26 27 30
3 4 7 8 9 11 14 17 19 25 28 30
3 7 9 12 14 16 17 21 23 25 26 30
1 2 3 4 7 8 13 15 17 20 26 29 30
1 2 3 5 11 16 17 26
2 3 7 8 12 17 19 20 21 23 24 28
2 3 6 7 9 10 15 24
2 3 4 5 10 11 14 15 20 21 24 27
1 4 6 7 9 17 18 20 21 24 26 27
2 3 11 13 16 25 27 30
1 2 5 6 9 13 14 15 17 21 22 23 24 30
1 7 12 16 17 18 21 23 27 28 30
1 2 4 11 14 22 27 30
1 8 13 16 18 19 23 29
2 4 6 13 14 24 26 28 29 30
3 9 10 12 13 14 18 21 25 26
2 3 7 8 11 15 17 22 24 29
1 11 12 19 24 26 28
1 4 6 10 12 13 15 18 19 24 26 28
1 6 7 8 10 13 14 15 19 21 25 26 27 28 30
3 5 6 13 15 20 27 28 29 30
1 8 16 17 18 20 21 22 26 27 28 29 30
12 13 14 19 20 24 25
2 3 4 8 10 11 12 18 22 26 28 30
2 8 12 15 17 19 20 27
8 9 13 14 16 18 19 23
1 3 7 14 21 22 27 28
2 4 13 15 19 20 24 27 29 30
4 11 13 23 28 30
1 6 9 10 11 16 17 19 23 25 27 29
8 10 13 16 18 22 24 26
2 3 4 12 13 18 19 20 21 25 29
5 6 8 12 15 16 19 30
4 5 7 8 9 13 15 17 24 30
2 6 10 11 13 14 17 21 23 28 29 30
1 3 4 7 10 11 15 16 19 23 24 30
4 7 8 26 27
2 3 7 9 11 12 14 15 16 19 21 22 28 29
1 5 6 8 10 15 27 29 30
1 4 5 7 9 21 22 24 29 30
3 6 8 9 13 17 21 23 26
4 7 9 16 17 18 20 23 25 26 27 29
2 7 8 9 11 13 14 16 24 27 29
2 4 8 9 11 13 16 20 21 22 25 26
2 4 5 8 9 10 12 13 15 28
2 3 5 6 8 9 12 14 21 23 26 28
3 5 10 18 21 22 24 25 27 28 29
1 2 4 7 9 13 14 17 20 23 24 28 29
2 3 4 9 11 14 16 19 20 21 23 29
4 6 7 9 17 18 19 25 26 28 29
2 7 11 14 21 22 24 25 27 30
2 3 4 11 16 21 23 24 25 28 29
8 10 13 17 22 24 27 29 30
3 7 9 14 22 23 24
1 2 3 6 7 8 22 23 26
5 8 9 11 12 13 14 21 22 26 27 28 29
3 5 7 12 13 14 15 16 23 29 30
1 4 7 15 17 26
1 6 12 20 22 26 27
2 5 6 9 13 14 15 19 21 23 25
1 3 12 15 18 22 24 27 28 29
4 7 8 21 27 30
2 3 10 12 16 20 22 25
2 4 8 11 14 16 17 18 21 24 25 30
1 5 13 17 20 21 22 24 25 26 27 30
3 4 11 16 17 18 21 23 26 27 30
1 13 17 22 23 25
4 6 12 14 15 20 21 22 28 29
5 9 10 15 16 20 21 22 29
2 4 6 7 8 11 13 18 20 24 25 28 29 30
2 5 9 14 17 18 24 26 28 30
1 4 8 9 10 13 15 21 22 23 24 25
2 6 8 9 17 18 23 25 29
1 2 4 5 9 10 13 21 23 25 27
1 5 8 11 13 14 15 17 20 24 29
4 8 11 12 21 29 30
2 3 4 12 16 17 18 19 22 26 29
2 3 6 11 17 19 22 26
6 9 11 12 18 19 20 21 28
3 5 6 9 10 12 22 23 24 27 29
2 9 11 12 15 16 17 19 22 24 27 28
3 4 6 7 15 17 18 20 23 25
5 6 9 10 11 14 15 23 28 29
5 12 18 20 26
6 10 11 13 14 15 29 30
3 5 6 7 10 11 16 20 22 23 24 29 30
4 6 9 10 17 25 28 29
1 10 13 15 16 18 20 21 26 28
1 3 4 5 14 18 19 22 24 26 27 30
1 2 12 18 22 24 30
1 4 6 12 13 14 15 17 18 19 20 22 23
6 10 11 19 20 21 23 24 26 28 29
3 4 6 8 9 12 14 16 17 19 23 28
4 5 10 12 17 18 20 26 28 29
5 6 7 10 14 16 18 24 27
3 4 5 11 13 17 18 20 21 22 23 26 28
3 4 5 6 8 9 12 13 15 17 20 24 29 30
2 3 8 11 12 14 15 18 19 20 22 23 28
3 4 6 9 12 14 18 19 21 22 23
3 9 10 12 15 17 23 26 27 30
3 9 10 11 12 17 20 23 25 26 27
4 11 12 14 16 17 28 29
2 5 6 7 14 15 20 21 22 24 25
1 2 8 14 22 23 27 28
4 5 8 11 12 17 20 23 29
2 3 5 8 12 16 20 21 22
2 4 8 10 12 14 16 22
1 3 9 10 11 13 21 22 25
3 4 5 6 9 16 17 18 19 21 23 24 26 27 28
