2 7 14 18 28
2 3
4 6 9 17
6 22 25 26 29
1 6 10 17 24 25
9 23 27 28 29
11 14 22
5 12 14 17
1 5 7 15 19 26
20 27
2 4 5 14 19 23 24 25 28
4 11
1 6 10 15 18 23 24
8
5 23 24
13 15 20
2 11 17 28
1 4 17 24
18 19 22 26 30
15 17
3 11 14 19 30
8
3 6 7 9 10 13 17 27
9 18 28 29 30
5 9 11
2 27
25
1 6 9 19 22 24
1 10 13 15 19 24
1 5 20 26
20 23 25 29 30
13 18 19 24 27 28
12 17 27 28
2 8 9 13 19 24
13 19 20 24 25 28
5
1 8 11 18 19 26 27
3 4 10 17 26
2 5 6 10 19 21 26 29
1 10
2 12 14 16 26
17 24 25 28 30
2 23 25 26
13 19 26
4 29 30
1 5 8 17 19 26 28 29
7 23
2 6 21
1 24
6 9 10 16 21 22 30
11 26
7 10 12 24 25 26 27
9 12 19 23
14 26
8 10 20
1 3 14 19 21
7 8 12 19 22 24 25
6 24 29
1 6 8
5 22 27 30
2 8 15 20 23
3 4 10 17 26
6 9
9 12 14 19 23 25 30
4 8
1 3 19 24 25
1 6 21
2
1 2 3 14 17 21 23
7 26
15 18 22 30
6 8 10
6 26
2 5 12 21 29
1 3 6 27
22 30
5 12 25
1 24
17 24
11 24
3 7 22
4 9 16 18
5 6 8
12 14 19 24 26
18 21 29 30
3 12 16 17 30
5 9 22 27
4 5 10 12 21 24
6 7 16 20 23
5 10 14 20 28
9 10 15 18 24
10 24
9 11 14 21 25
12 17 23 27 29 30
5 20 21
3 17 23 26 28
6 8 20 23 25 28
13 14 20 24 26 27 30
2 5 14 26 30
3 5 9 15 23
3 17 21 30
14 19 22 23 24 29
1 5 7 19
2 4 7 12 14 23 24 28
3 4 6 7 14 21 23 28
2 11 24
3 13 22
7 10 13 18 21 28 30
7 13 17 20 27
3 7 10 12 17 23 25 26
3 4 26 27
1 10 14 21
5 7 8 29
1 14
9 10 12 24 26
2 6 11 16 23 27 28 29
5 17 19 20 22 29
4 9 22 26
1 4 7 15
4 15 29
1 2 3 22 27 29
2 25 28
16 29
17 19 28
8 11 20 21 24 30
5 10 19 24
8 18 27
18 20
6 12 13 28
13 15 22 23
12 24
24 25
7 8 18 19 25 26 27
9 10
1 3 4 5 8 22 24 30
1 4 5 12 21 23
2 3 4 7 9 13 16
7 10 25
1 2 3 20 26
10 11 18 22
1 14 20
2 9 22 23 28
3 8 9 14
9 11 17 21 26 29
6 7 9 12 15 18 22
2 11 19 22 27
4 7 10 22 25
14 17 20 22 24
8 13 16
1 4
2 3 4 19 20 21 24 25 28
17 28 30
1 8 19
3 19 20 24
2 7 8 21 26
11 14 15 16 23 25 27 28
1 2 5 15 17 21 25 28
3 15 26 27
1 8 16 17 20 23 24 28
12 17 18 21
3 5 10 11 13 17 23 28
12 15 18 22
2 5 6 8 10 12 25 28 30
10 15 29 30
2 6 18 24
5 7 14 20 23 25
6 7 12 26 29
1 6 26 30
5 6 12 15 30
2 6 8 24 29 30
10 12 24 27 29
1 6 19 20
14 20 22
18 25
10 23
4 8 10 14 20 22
2 7 12 17 30
2 27
12 13 16 23
1 2 18 23 24
3 8 12 13 14 16 18 23 27 28
2 5 8 10 11 22
8 10 13 15 20
2 3 6 9 14 19 25
5 15
19 30
2 6 8 12 20
2 5 6 12
23
1 11 13 17 20 23 25 28 30
5 15 16 21 22 28
19 25
1 2 3 12 14 17
2 7 13 15 20 22
5 6 7 10 24 29 30
5 6 10 13 14 17 23
9 22 24
4 6 7 13 14 27
1 3 4 8 9 18 19 20 22
12 15 21 22 24
