28 30
7 15 21
1 4 9 13 19 28 29
9 11 12 13 15 19 22 26
10 27
7 8 11 15 16 22 26 30
6 25 27
2 3 4 6 9 11 13 17 22 27 30
1 5 7 23 24 26 28
1 2 3 11 17 23 24 25 27
2 5 7 9 17 20 21 25
2 7 19 24 26 30
4 12 13 21 25 28
4 19 25
1 2 7 12 14 17 22 29 30
6 9 10 11 12 27 29
1 3 7 16 19 20 21
3 13 17 24
4 9 11 15 16 28
4 6 8 9 18 22
1 3 6 15 16 28 29
4 14 18 26 28 29
16 20 22
1 2 3 7 12 22 23
4 11 19 23 25 26 28
9 11 17 24
3 5 12 17 20 21
7 13 19 28
5 9 13 30
2 8 15 28
10 17 18 25 29 30
1 7 8 10 26 28
3 14 15 16 22 30
3 17 24
3 4 5 11 18 23 28
7 8 16 17 20 21 24 28
1 3 6 10 18 19
3 5 8 13 15
6 7 11 15 17 19 20
2 6 7 11 19 22 26
2 4 6 12 26
2 4 6 9 12 19 20 21 26
4 5 6 13 14 17 23 28 30
3 12 14 17 23 26 28
2 3 12 15 17 23
11 13 20 22 23 27
3 12 25
6 23
1 4 5 21 25 27
1 3 13 18 21 28
1 11 18 23 25
13 17 30
10 12 15 25 27 29
7 15 16 20 26
3 10 11 16 22 23
2 4 6 9 10 18 22 28 29
4 7 18 19 28 30
6 12 17 23 25 27
3 5 11 14 19 22 26 28
1 6 8 19 21 25 29 30
4 9 18 23 26 30
6 9 11 13 16 19 20 24 28
1 2 3 8 12 14 20 22 27 30
3 9 15 16 17 21 22 30
1 2 7 10 13 17 20 28
5 7 8 22
3 5 8 10 18 20 21 26
3 8 19 21 22 25 29 30
8 12
10 25 28 29
1 4 8 14 21 27 29
6 11 17 18 28 29 30
4 12 13 16 20 25 27
5 14 22 29
17 22 23 29
5 8 11 12 14 15 16 17 22 23
11 19
1 9 13 19 30
12 13 25 27
9 22 24 28
2 9 28
2 7 13 14 18 25
12 26 27
2 14 17 20 21 29
1 6 10 19 20 25 26
3 4 10 19 21 22 23 30
1 5 7 13 17 24
15 17 22 25
1 12 14 16 23 27
2 5 19 22
2 5 13
1 6 16 20 21 22
8 15 24
11 12 16 19 24 26
4 6 7 8 12 16 19 21 27
2 3 10 18 21 23 28
7 13 15 22 24 25 30
1 3 6 9 12 16 24 26
7 15 16 21 22 25 27
1 2 7 9 13 18 29 30
7 8 10 11 13 15 29
2 17 18
15 24
1 3 13
1 17 23
8 11 16 17 18 19 22 25 26 28
2 15 17 27
7 13 16 28
2 3 6 16 20 26 27 28 30
1 14 19 20 23
5 7 10 21 22 23
1 4 8 10 11 12 16 23
3 10 14 18 21
7 12 25 28 29
4 5 25 29
1 4 10 13 14 16 22 23
12 23 24
9 13 15 20 21 23 25 27 28 29
8 18 20 23 24 27 30
8 10 22 23 25
1 2 9 10 12 17 26 27
7 10 12 14 23 27
4 6 8 9 11 18 23 29
3 16 22 23 25
2 12 17 21 24 27
5 10 12 14 18
10 18 20 21 22 27
16 26
9 12 15 16 23 24 28
12 20 26 27 29 30
1 8 9 10 11 16 26 30
1 3 12 14 21
8 12 17 20 29
1 15 16 17 20 30
8 9 12 17 24 25 30
7 10 13 19 29 30
1 2 21 24
7 21
2 3 5 10 12 15 26
1 15 17 18 22
12 18 20
2 3 5 11 22 24
2 10 11 20 21 25 27 29
7 13 22 24 30
1 2 3 18 19 26 29
4 6 11 12 13 15 21
2 6 10 16 22 25
20 25
1 2 3 8 10 14 21 24
1 3 8 9 16 22 23
1 3 9 10 11 18 21 22
3 4 9 13 19 20 21 22 25
1 6 8 17
19 21 29
5 9 13 18 19
1 9 10 17 22 23
8 12 22 24 25
4 12 13 22 23 24 27
3 10 16 24
12 16 20 23 28
1 9 19 23 29
6 9 12 14 22 24 28
3 8 9 12 16 19
13 17 21
5 12 14 16 18 19 23 25 26 30
3 11 14 27
1 3 8 11 13 14 15 16 28 30
2 10 12 18 25 27
3 6 8 11 17 18 20 21 22 25 26
6 8 16 23 29
8 10 11 21 28
3 5 12 17 19 20 29
3 4 7 21 26 30
1 2 3 12 13 16 17 24 25 29
11 17 20 23 29 30
2 8 13 15 16 22
6
3 5 7 9 15 24 27
5
1 4 19 26
1 5 9 29
26
8 29 30
7 20 22 28 29
2 3 6 7 24 30
10 13 19 22 24
5 11 25 26 27
1 6 7 12 13 19 25 28 30
2 3 14 19 28
8 11 13 14 19 22
2 3 5 6 7 16 22
1 9 16 19 22 30
9 20 30
11 13 14 19 20 21 22 23 24 30
1 3 10 13 14 18 23 26
5 9 10 11 15 23 29
4 7 10 13 14 17 26 29 30
1 5 8 10 13 22 23 25
1 8 20
7 10 16 28 30
