7 9 18 20 25 27
4 9 18
1 2 12 18 20 26 29
1 6 14 26 30
2 3 7 15 18 23
6 8 15 20 21 26 28 29
3 4 9 17 20 25 27 29
1 2 3 7 8 11 16 18
7 8 12 13 22 24
2 5 7 19 29
1 3 5 8 9 10 13 18 20 21 29
2 5 9 12 16 17 18 19 20 21 24
1 6 10 15 28
8 16 17 18 20 22
4 5 8 11 17 21
4 12 18 19 22 26 30
2 3 4 6 7 8 9 12 15 18 21 25 30
3 10 15 19 25 28
2 7 15 27
1 3 9 15 19 20 22 23 30
7 9 12 19 22 23 25 29
6 7 8 9 27
3 7 11 18
13 15 17 21
4 9 12 19 23 24 29
6 9 11 12 13 15 18
1 2 4 5 8 9 12 13 16 17 20 21 28
5 20 27
3 5 6 7 10 14 15 18 20 24
4 13 15 17 20
5 9 12 18 19 27
2 5 13 15 19 20 24 25
2 4 6 11 17 19 30
4 6 7 9 17 24
3 4 5 11 20 21 24
5 6 8 16 17 18
1 5 7 9 10 13 15 18 21 22 27
5 9 11 17 23 27 29 30
1 2 3 6 8 20 21 22 27 30
1 4 8 9 12 16 17 19 20 21 26
5 9 11 18 20
3 7 10 16 18 20 21
2 3 6 9 13 20 21 23 30
7 8 11 13 21 26
3 6 7 9 19 20 21
16 21 23 24 28 30
13 20 22 29
8 9 10 16 20 22 24 25
1 12 17 21 22 23 26 27 28
1 6 12 15 16 18 21 23 25 29
3 5 20 28 30
8 15 18 19 26 27 30
1 3 8 13 21 27 29
4 7 24 27 28
2 5 11 18 27 28
9 14 18 20 21 27 28
3 6 9 13 16 24 26 28
21 22 27
3 7 10 19 23 24 30
1 5 10 12 13 14 19 26 27
14 15 18 22 23 27 29
15 18 21 24 27
2 3 5 13 21 23 24 26 27 29
1 9 13 17 20 22 23 26 27 30
5 11 20 21
5 10 21
1 2 14 17 20 21
9 12 16 20 22 27 28
1 3 9 10 15 17 19 21 22 23 26
1 4 6 13 15 18 20 23 29
1 4 6 11
3 5 11 12 13 15 17 21 28 30
8 9 10 13 18 22 23 24
4 6 16 18 19 25 27 30
1 3 11 14 15 26 28 29
9 11 17 18 20 22 26
5 9 17 19 25 26
2 10 13 15 17
1 2 5 7 16 17 20 24
8 15 17 22 24
3 5 11 12 14 18 22 23
1 3 8 9 19 25
1 5 7 17 27
1 2 3 5 8 11 12 16 28
18
2 10 13 26 28
5 7 8 14 23 28 30
4 11 17 18 21 26 30
2 6 8 10 13 15 20 22 24 28
4 11 12 13 20 21
2 6 7 9 11 23 28
1 4 5 8 15 22 24 26 27 30
5 23 26 29
1 2 3 9 12 16 19 22 23 24 30
4 8 14 19 20 23 25 28
1 4 6 7 11 12 15 18 22 23 25 29
6 9 10 14 16 24 27 28 29 30
13
7 9 13 25 29
1 3 4 14 23
1 2 3 16 18 21 22 25 27 28 30
3 5 11 15 20 23 24
2 7 17 18 19 28
1 8 9 17 19 23 29
2 3 5 6 14 17 25 26 29 30
5 17 18 20 21 27 30
6 16 18 20 27 28
4 9 12 13 19 23 25
1 2 10 21 24 26 29
4 6 9 17 18 23 26 28 30
8 9 12 16 20 21 23 26 27 28
1 3 13 24 25 30
2 7 9 17 20 21 24 30
2 3 10 18 21 22 25
1 2 5 21 24 27
2 5 16 19 26 27
2 8 9 12 13 16 18 22 23 25 27 29
4 13 14 17 19 20 23 24 26
4 5 9 11 17 25
6 10 12 17 18 24
2 5 12 13 15 18
5 7 14 20 25 26
1 7 12 22 23 26
1 8 24 30
3 5 10 18 22 23 25 26 27 30
11 13 21 23
2 9 12 15 27
1 11 17 30
11 12 13 15 20 22 25 27 28 29
1 4 7 9 14 21 22 23 26 30
4 7 12 14 15 26 27
2 6 11 13 24
1 4 7 9 12 20 21 25 26 27
1 3 5 8 10 14 16 17 20 21 24 25
3 5 16 19 24
4 7 12 23 24 26
2 10 12 14 19 22 29
1 4 14 29 30
4 6 11 12 16 20 30
6 8 13 16 20 26 27
7 11 12 16 20 27 30
8 10 12 17 18 21 25 26 28 29
3 10 15 18 27 29
1 2 5 8 12 23 26 28 29
3 4 6 7 8 9 10 12 15 21 25 26 28
10 26 28
5 8 15 17 28
3 5 6 11 16 18 30
4 5 11 13 17 18 23 28 30
4 6 10 16 17 22 28 29 30
1 4 11 15 18 21 30
2 7 8 22 23 25 29
2 6 10 11 13 16 17 18 26 27 29
2 3 9 10 11 17 19 28 30
8 10 11 13 16 23 24 26
1 2 5 13 19 26 29
2 5 18 19 22 25
4 6 7 15 21 25 30
3 4 7 20 21 22 27
3 9 20 22 26 28
2 3 20 21 25 27
5 7 13 27 28
1 5 6 8 20 22 23 25 28
2 9 12 13 14 16 30
1 4 8 9 15 24 25 29
1 3 12 15 16 19 25 26 29
1 6 12 18 21
3 5 6 9 13 23 26
1 4 5 8 11 13 18 21 22 27
1 3 28
18 21 29
1 2 3 5 7 8 9 12 13 17 19 20 22 27 29
5 6 8 12 13 18 19 22 30
2 12 15 25 27
6 7 8 10 15 25
6 15 16 18 19 21
7 9 13 24
3 11 16 17 19 23 24 26 28
5 7 13 15 16 21 27 30
2 3 15 21 26
1 6 10 14 15 18 20 21 23 25
2 11 13 14 15 16 25 30
3 10 12 20 25
6 19 26
3 4 5 10 14 15 19 21 22 23 24 27 28 29
5 6 8 10 11 13 14 15 17 23 26 27 29
1 3 6 7 13 14 25 28
4 8 14 15 19 20 22 26 28 30
1 4 7 9 15 17 21 24 27 28
1 2 4 7 8 17 25 26 27 28
3 7 14 15 19 21 24
5 24 27 28
5 7 9 13 20 21 24 27
5 12 24 25 29 30
4 5 10
1 4 5 13 14 16 30
4 6 9 10 11 12 17 21 25 27 28
1 4 8 10 11 13 26 30
2 4 6 10 11 13
1 6 11 14 16 17 22 27
