7 14 15 26
10
21 26
19 25
1 11 20 24 30
6 9 19 22
16 17 19
20
2 6 9 18
2 5 11 15
8 9 11 29
4 20 29
13 16 24
4
16 30
13 15 20 27
16 22
17 23
4 7 18 23
8 10 13 23 28
9 17
2
15
12 21 27
4 26
22
6 7 12 17
15 16 17 21 29 30
13
4 14 15 23
4 21 24 29
13
3 26
8
14 16
8 14 18 19 23 27
17 22
6 7 22
19
22
14
12 27
10
12 24
1 29
5 8 9 19
4 9 15 18 28
5 8 14
8
4 11 13 23
1 12 16 22
7 13 18 23
6 9
5 24
18
2 4 8 13 30
1 6 14 20
3 4 7
29 30
7 10 12
1 21 28
5 10 12 17 18
1 5
4 12 30
20 25
4 9 30
4 21
3 7 13 16
4 12 21
1 3
8 21 25
1 22 27
3 8 17 24
6 7 16 18 26
14 27 30
10
13 15
5
5 7
10 11 27
11 19
6 9 24
4 15 16 26
2 3 21 24
11 16
11 13 24
7 10 20 22 23
2 12 26
1 25 28
18 20 26
5 7 23
15
28
7 9 11 24 26
1
24 27 29 30
3
4 7 10 14 16 26
6 12 20 22
11 14
3 6 16
8 13 24
18 27
26
22 24
2 11
3 13 19
9 13 20 21
16 30
4 27
18 24 27
5 8 18 19 25
9
12 21 25
9 20
20 23 28 30
10 20 29
10 16 21 24
5 16 30
18 29
1 12
13 22 24
3 7 9 16 27
14 20
3 9 22
12 15
15 19
18 20
15 21 23 24
11 13 24 27
1 6 8 10 24 26
2 11
5 6 9 22
3 7 16
21
4 5 9
23
9
1 5 10 27
11 20
17 30
10 17 20 28
6 11
14 20
7 18 28
7
2 5 19
5 13 14 21 23
10 14 16
4 5
2 14
9 15 17 21 24
5 18 20 21
15 24 28
23 26 27
21 23
2 11 16 21 25 27
3 17 23 24 25 27
3 11
3 9 20 30
6 7 9 13 19 23
1 2 7
10 15 16
2 12 14 18 21
3 7 21 24 27
18
8 10 12 21
3 14 20 27
11 25
12 17 19 23
1 4
11 23
4 7 15 19 22 30
4 6 22 27
20 25 28
9 14
5 24 30
20 21
3 5
20
13 18 25
16 21
7 10 23 28
1 11 28
2 5 6 14 16 26 29
1
13 15 16 22
2 3 4 17 18 23
7 25 27
7 18 30
5
23
7 14 25 26
3 10 13 16
13 23
6 23 29
1 4 18
28
2 8 20 28
7 26
