1 6 8 10 14 16 19 21 27 28
3 4 5 9 12 13 14 15 18 19 24 25
4 7 11 15 20 21 26 28 29
2 3 5 10 12 13 16 17 19
2 7 13 24 27 29 30
1 4 10 14 15 16 17 26 27
1 10 13 16 17 18 19 20 22 23 25 26 30
2 3 4 19 25 26 30
5 6 10 11 12 13 15 16 20 22 23 24 26 27
1 3 5 7 9 10 13 14 17 25 26
10 12 13 20 23 26
4 9 11 12 17 18 23 24 25 26 28
4 6 7 14 15 19 22
4 7 9 11 16 18 23 25 30
6 13 15 19 26 30
2 6 7 9 10 18 20 29
1 8 20 24 27
4 12 13 14 16 17 21 28 29 30
1 8 10 11 13 16 17 22 26 30
4 6 9 15 16 20 23 27
4 5 9 11 12 13 16 21 24 26 29
12 15 18 19 22 23 24 28 29
1 3 4 11 12 19 28 29
4 5 9 10 12 16 18 21 25 26
4 6 7 10 11 15 16 25 26 30
3 8 11 14 16 18 21 22 23
1 4 11 15 22 25 27 30
2 3 4 9 10 11 12 16 20 22 24 25 26 28 30
8 10 11 13 14 16 20 23 26 28
5 6 16 17 20 21
6 8 9 16 23 24 30
6 7 8 15 19 21 22 23 27
1 4 5 8 13 14 19 24 28 29
7 10 13 17 20 23 24 28
1 2 5 9 10 13 14 16 17 18 20 23 28
7 12 14 16 17 23 24 26
4 5 12 18 24
6 7 13 18 19 22 27
4 12 16 17 22 26 28 29 30
4 7 11 15 20 23 25 26 28
1 3 7 14 15 18 25 26 30
2 4 6 7 12 13 14 17 20 23 26
4 5 7 9 14 22 24 27
3 4 7 14 15 16 27 28
1 6 10 22 29
1 14 18 23 29
6 8 11 14 15 19 20 22 27 30
5 6 8 12 16 17 19 22 23 27 29
3 7 8 9 10 11 13 15 18 21 24 27 28
6 7 10 12 14 17 21 24 25 27 29
1 2 4 8 18 25 26 30
2 4 8 10 15 17 26 27 29
2 3 10 11 12 14 17 24 25
1 2 5 8 13 19 21 22 23 25 27 29
1 4 7 8 9 15 20 24 30
2 5 8 14 15 16 19 23
2 3 4 6 7 9 13 29
7 14 16 19 20 21 30
3 8 10 13 15 18 23 30
3 6 9 13 14 17 20 26 28
1 3 5 7 9 11 13 14 15 19 21 29 30
4 10 14 16 20 29 30
3 7 9 11 12 16 22 28 29 30
1 3 5 11 15 17 21 24 28 29 30
10 16 26
5 6 8 11 12 13 22 27 28 29 30
2 3 4 5 11 12 13 15 20 27
1 9 10 12 13 16 22 25 26 27
1 6 9 14 15 20 21 25 27 29
1 9 12 15 16 17 18 20 21 28
6 10 15 17 20 21 23 26 29 30
1 2 4 6 7 13 17 18 24 25
1 12 13 15 20 22 24 27 29
1 2 9 10 12 19 20 23 26
1 2 3 4 6 7 11 19 20 21 27 28
2 5 6 10 11 12 13 18 21 29 30
2 5 7 8 11 18 22 23 27 30
1 4 5 12 16 17 20 22 25 29
3 4 5 7 11 12 18 19 21 25 28 30
2 3 6 11 21 23 29
2 3 4 10 13 15 16 17 19 21
1 3 6 7 9 10 11 18 21 25 27
4 6 7 10 11 21 24 25 29 30
5 11 14 17 20 27 30
2 3 9 13 16 21 22 23 26 27
3 4 6 7 9 11 22 25
3 5 7 8 10 12 15 17 19
3 17 18 22 25
4 5 12 13 14 20 23 25
2 4 6 8 9 10 12 16 18 20 23 27 28 29 30
1 3 8 13 14 16 19 21 23 24 26 28 30
1 2 3 5 11 13 19 23 26 28
2 3 6 17 20 25 29
1 2 3 7 8 11 14 17 20 21 24 29
7 8 10 13 14 19 23 24 30
2 4 5 11 18 20 22 26 30
1 2 23 25 26 28 29
2 3 5 6 7 11 16 17 18 20 23 28 29
1 2 7 12 13 14 17 18 25 28
5 9 11 12 14 18 26 27 29
4 16 19 22 26 28 30
16 27 28 30
3 11 12 18 19 22 25
1 2 4 7 9 11 14 15 19 25 28
2 3 7 11 17 25 26 30
1 7 8 10 11 12 14 20 26 27
2 3 4 5 9 14 16 18 29
7 9 12 17 19 23 24 26 29
1 3 7 8 12 17 21 23 24 25 26 28
6 9 18 20 21 22
6 7 10 13 18 22 25 30
2 11 14 15 19 20 25 26 28
13 16 17 20 24
3 4 6 12 16 17 21 23 24 27 29
5 9 13 28
2 4 12 16 28
1 4 7 8 15 18 24 30
2 3 5 7 11 12 17 18 19 20 21 23 26 28 30
4 9 19 22 23 26 27 28 29
3 10 26
15 16 17 18 27 28 30
1 8 9 12 13 22 24 25
4 8 11 12 15 16 18 19 21
1 2 3 5 6 10 15 22 24 29
1 3 4 8 9 10 17 22 26 28
2 5 7 11 13 27 29
4 5 7 10 11 12 19 21 22 23 25
2 5 6 7 11 12 14 16 21 30
2 5 8 16 20 24 30
5 10 12 13 14 20 30
1 2 7 8 10 11 13 14 15 18 22 26
6 7 11 22 23 26 27 29
1 15 17 18 20 24 27
4 8 10 12 19 23 26 30
2 3 10 13 14 18 26 27 29
1 7 8 12 15 16 17 23 25 28
4 10 15 20 22 23 28
9 19 21 22 23 27 28 29
3 7 8 12 17 19 20 21 22 25
2 11 16 17 19 20 21 22 23 24 25 26 28
3 4 6 9 10 12 13 22 26 28
2 4 5 8 13 19 25 27
4 6 17 20 21 27 29
2 3 10 12 23 26
4 5 7 8 9 15 17 18 20 22 30
6 13 19 23 30
2 3 4 7 12 16 17 23 24 25 29 30
2 3 5 7 8 11 17 21 22 25 30
5 12 15 18 23 24
4 15 16 21 25 26 28
1 3 5 10 14 18 20 21 22 28
3 6 9 13 14 19 23 24 25 27
1 3 5 11 13 14 19 20 25
5 9 10 15 16 22 23 25 27 28
1 2 11 12 13 15 21 22 25 26
3 4 5 6 10 19 20 23 24 29
3 6 15 21 24 25 27 28 30
1 2 8 15 16 18 21 22 23 24 26
2 3 9 18 25 27 28
1 2 4 8 9 10 14 16 17 22 30
2 6 12 14 17 19 21 24 26 27 29 30
2 5 6 7 13 17 29
3 10 12 13 16 18 30
2 7 11 12 16 19 21 23 26
1 7 10 13 16 18 24 26 29
4 13 14 15 18 20 24 25
4 18 19 21 23 24 25 26 28 30
2 3 4 9 12 14 15 16 18 21 25 28 30
1 2 13 21 22 23 29 30
1 3 5 10 12 13 14 17 18 20 22 24 30
1 2 3 11 16 23 24 25 28
1 2 6 12 14 19 20 23 24 25
1 2 5 8 11 15 18 22 25 30
1 2 5 7 12 14 15 16 18 19 21 23 25
5 10 21 22 25 26 27 28 29 30
14 17 24 26 29
6 8 16 20 21
1 4 5 7 15 18 25
3 5 6 7 13 14 15 17 22 25 26 28
8 12 14 15 27 28
1 8 11 14 17 29
5 6 8 10 11 17 18 19 22 23 24 29
10 11 15 18 22 28 29
4 10 11 17 19 20 25 26 28
1 10 14 16 17 21 25 28 29 30
4 7 10 11 12 13 16 18 19 23 24 25
1 2 6 7 8 15 16 19 23 25 29
1 2 4 9 10 15 21 28 30
7 11 15 18 19 21 22 23 24 25 29
5 7 13 14 19 25 26 28 30
3 8 11 12 19 20 23 24 28 29
3 4 6 8 9 10 18 19 20 25 27 29 30
3 5 6 10 15 17 18 24 29 30
2 3 6 9 15 18 24 27 28 30
5 6 8 12 13 16 17 18 19 25 27 29
2 4 12 18 21 24 25 27
2 4 5 7 13 14 19 22 24 26 30
1 3 4 8 13 16 23 24 26
3 6 13 16 22 26
4 6 9 27 28 29 30
