6 10 12 15 19 22
2 9 11 22 26
3 7 18 25
6 7 27
1 3 13
1 7 9 16 17 27
1 2
12 19
5 7 16 17 19 26
1 2 8 9 19
5 6 8 10 20 26
3 5 10 21 25 26
27
2 10 23 26 29 30
11 22 24 25 27
10 22 25 26 30
5 9 19
8 9 14 15 21 23 24 26 30
2 7 21
1 8 13 17 26
2 3 21 23 27
6 9 16 24
11 15 25
11 14 21 28
8 18 19
5 15 24 28
6 9 13
19
9
4 12 14 20
10 16 17 19 24 27
3 6 12 21
27 29 30
1 7 11 16 27 29 30
3 16 20 25
5 21 26
13 16 19 25 28
3 23
7 8 16 21
4 10 12 13
2 11 19 27
7 14 21 27 28
4 7 8 10 13 24 25
4 11 16 17 22 26 27
8 10 13 25 26
8 15 19
3 4 5 14 16 17
1 2 4 7 11 19 25 26 28
4 7 15 23
8 11 24 25 28 29
18
1 2 15 16 23
15 16 20 23 30
5 9 12 26
8 14 17 18 20 28 30
13 29
1 2 10 15 24 25 30
24 25
8 13 20 21 28 30
13 18
5 7 12 16 18 25 27 30
1 3 14 25 29
21 30
5 7 19
9 15 20
3 6 8 15 17 19 30
14 25
1 11 12 15 18 21 23 24 29
4 8 21 26
6 9 26
3 13 15 20 25
2 4 11 23
2 16 22 30
8 12 17
5 7 9 11 14 21 24 29
5 20 23 26 29
1 9 23 24
1 11 18 21 24 25 29
2 13 14 21 25
7 14 17
9 25
8 16 30
7 11 16 18 22 28
4 17 22 26 27
5
5 9 25
1 3 28
1 11 19 30
17 22
1 3 7 9 14 27 29
5 12 19 21
6 13 18 27 28
4 10 12 17 18 20 22 29
2 11 18
21 25 30
14 18 24 30
1 2 9 11 14 15 25 26 29
3 17 19 25 29
13 26 28 30
5 10 15 25
6 23
15 16 21
7 9 17 24 25
9 22 26 27 29
1 15 26 27
3 4 8 9 10 16 20 22 23 30
5 7 16 26 28
1 2 14 15 19 30
3 5 10
7 9 16 21 23 24 26
1 9 10 12 13 25 27
3 16 26 29
1 9 18 19
1 4 9 12 27 30
7 10 17 28
1 2 10 11 15 24 27 28 30
8 10 12 13 25
1 2 15 16 18 26
6 8 15 23
22 23 28
11 16 19 23 24 25 30
1 3 5 16 17 18
1 4 20
6 7 11 15 24 27
9 12 15 23 25 27 29
6 7 8 14 21 28 30
9 15 19 22 26
5 11 18 22 25
1 5 17 22
5 13 16 19 20 28
4 8 13 15 18 24
7 10 24
4 17 24
7 19 20 23 24 27
15 21 25
3 4 10 11 14 19
16 23 26 28
25
5 11 23 24
2 6 9 17 21 24
1 4 6 13 15 29
2 4 6 7 25 26
3 13 18 27 28
23
3 4 7 9 12 21
4 16 18 22
4 16 17 20 28
3 9 17 24 25 27 28
3 17 23
1 8 20 23 29 30
11 16 18 19 21
3 29
1 10 11 12
6 7 8 10 13 18 19 21
3 4 15 21
18 21 30
9 12 14 19 24
13 26 28
1 3 5 19 27 29
6 11 29
6 11 13 16 25
4 6 7 13
2 3 7 8 12 15 16 22 26
6 11 12 15 16 25
4 10 12 28 30
4 10 15 24
11 14 17
7 15 18 27
7 20 21 28 30
2 12 20 23 28 30
5 8 11 23
11 25 27
15 18 22
13 25
2 7 21 24 26
15 20 22 24 28
1 6 22 27
4 10 12 29 30
7 17 20 27
8 25 27 28
2 10 17 24 29
5 13 16 22
7 12 14 17 21 24 28
13 16
1 3 14 30
3 8 9 12 15 24
5 13
6 14 17 25 26 28 30
4 9 10 12 14 15 24 26 27
22 27 30
10 13 15 19 20 25 26 29
3 13
6 15 16 20
7 19 20 27
10 13 17 29 30
18 20
3 15 28 29
9 11 13 15 18 24 27
13 20 21 24
2 13 17 26
