5 14 20 22 27
3 17
2 5 8 11 24 28
5 9 10 11 12 14 19 25
3 8 9 14 23
6 9 22 24 27 28
15 19 20
19 20
1 4 6 7 9 13 20 21 23 25
5 8 11
1 10 17 28
3 6 7 25
1 3 8 10 11 15 29
4 8 12 13 24 28
1 18 19 30
2 20 21 22
1 3 5 13 16 21 25 26 27
17 19 21 28
28
1 3 20 29
8 10 11 22 25 26 30
4 5 6 17 19 22
2 3 7 9 17 18 19 20
3 24 28
1 8 10 12 13 14 15 19 24 27
1 3 4 8 9 22 23
4 7 16 21 28 30
4 11 14 19 24
4 7 26
11 12 22 28
9 11 14 19 22 23 29
3 8 16 22 24 26
12 15 17
5 8 9 14 17 18 23 24 29
2 3 11 12
2 4 5 7 9 16 18 19 21 23
8 14 16 22 25 26 29
2 7 10 11 12 19 29
21 30
6 25
10 11 17 21 23
6 9 13 17 21 29 30
4 9 10 15 21 23 24
2 16 20 22
15 22 23
1 3 11 18 20 29
4 15 18 22 29
5 12 18 23 24 26 27
10 20 28
5 10 13 27 28
8 13 15 16 26
3 11 15 19 24 26 30
1 5 8 10 21 25 26 29
2 7 11 14 15 21 23 24
21 29
5 7 11 28
1 5 12 21
1 8 9 26
1 4 5 7 8 10 15 22 25 27
1 8 21 26 27 28
2 9 10 20 24
2 4 13 15 17
9 15 19 21 22 24 29
8 10 15 18 20 24 29
1 4 18 19
3 15 17 18 20 28
6 8 17 18 21 22 26 30
2 5 6 13 17 28
14 17 22 25 26 30
4 25
5 25
3 6 10 16 19 20 21 30
3 10 20
2 3 5 12 20 22 23
3 8 11 17 24 27
5 6 8 10 18
4 6 7 11 19
12 19 27
1 8 10 13 14 20 23
13 14 26 29 30
8 11 13 14 18 27 29
6 12 13 16 21 24 30
6 8 9 10 12 16 21 24 26 27
2 5 7 10 22 24 25 27
19 20 23 28
2 7 9 18 21 23 26
3 5 6 8 10 12 29
3 7 8 22 24 28
1 2 15 16 17 19 23 24
1 17 19 22 29
1 4 10
6 14 21 24 26
1 6 9 10 12 14 22 25
2 3 9 13 24
1 2 7 14 21 26 27 30
16 20 24 30
4 12 14 28 29 30
7 8 11 12 13
10 11 12 17 22 23 24 29
8 10 18 20 21 23 26
2 4 6 8 16 17 18 19 20 25
28 29 30
1 5 9 13 18 22 23
3 4
1 2 6 8 13 20
6 8 18 19 26
2 3 11 19 20 28
2 14 16 25 29
7 8 9 10 21 26 28
3 5 15 29
1 3 17 18 21
8 9 10 13 17 18 28
2 8 9 18 24 25 28
3 9 21
5 9 18 19 27
5 8 19 20 30
1 3 5 10 19 21 28
4 5 12 13 15
1 5 15 17 22 26 27 30
1 9 17 21 23 28
7 8 18 20 25 29
1 10 11 27
6 8 9 11 12 15 17 18 19 23 27 28
5 16 20 26 30
7 8 22 23
12 17 18 20 21 27
3 6 9 13 15 24
7 9 12 20 23 24 29 30
1 5 6 9 14 30
2 3 8 12 22 23 28 30
2 3 6 10 16 21 22 27
4
4 9 10 11 15 20 29
3 9 12 14 16 20 24 25 26
3 5 8 11 12 25 30
8 10 12 16 17 24 28
18 19
1 10 12 14 16 19 21 25 29
1 5 10 12 15 17 25 29
1 7 12 13 24
1 3 8 10 14 23 25 26 27
2 9 16 19 28
1 5 11 17 21
6 7 12 17 20 28
8 29
4 5 8 11 14 25
1 2 4 5 7 17 18 23 27
1 2 6 11 15
7 11 16 21
2 5 6 9 10 11 17 19 29
8 9 12 15 16 19 29
1 2 3 25 26 29
4 10 25 29
4 10 11 22 25 26
9 17 20
1 9 11 14 15 22 26 28 30
1 3 10 13 18
8 14 20 30
8 10 11 20 23 25
1 8 29
3 4 5 8 13 16 28 29
2 6 9 12 13 29 30
1 9 11 12
4 6 11 15 18 20 25 27 28
9 12 13 18 22
3 5 10 11 27
2 7 21 22 23 26 28
2 9 13 15 29
3 8 9 12 15 18 21 23 25
12 14 19 20 23 25 27
1 3 14 19 21
6 7 17 19 22 24 29
4 13 16 23
3 6 10 11 13 20 30
6 7 18 19 20 26
1 2 6 7 13 14 15 24 25 27 29
8 14 19 21 24 27
2 7 12 20 21 22 29
1 2 7 10 20 25 26
2 10 14 25 29
14 26 28 30
4 5 6 10 15 20 27
16 24
22 24
1 4 10 12 14 16 17 19 24
13 21
6 25 29
7 10 19 23 28 29
3 8 10 13 15 17 20 21 23 24 25 27
2 3 9 12 13 14 19 22 23 29
12 25
2 6 7 9 10 16 20 26
5 30
5 11 17 21 25
3 5 14 23
6 7 12 20 24 26
17 18 19 24 26 28
17 18 22
1 3 5 21 25 28
4 5 7 13 20 21 24 27 30
