1 5 8 11 13 14 15 17 18 19 23 25 29 30
2 6 9 13 20 23 26 30
3 7 16 17 21 22 23
6 9 15 16 19 23 24 27 28
2 4 8 15 26 29
2 6 11 12 16 17 20 22 23 24
1 5 6 7 9 11 12 17 21 23 25 27 29
5 9 16 21 23
2 3 4 5 6 7 8 10 12 20 23 25 27
7 10 11 15 17 25 26 28 30
11 15 17 21 27 28
4 7 9 20 22 26 28
11 12 13 21 23 25 27
7 10 11 12 14 15 18 20 21 22 23 24 26 27
1 4 11 15 18 20 21 22 28 30
5 9 14 16 17 18 21 27
2 3 4 8 9 14 17 22 24 27
1 3 8 15 19 22 23 28 30
1 2 3 4 11 12 13 14 15 16 17 23 25 27
2 4 5 8 10 12 20 21 26 27 29
4 6 9 13 14 17 18 20 25 27 30
1 3 5 8 9 10 12 13 16 18 19 20 22 23 28
1 2 7 9 10 12 13 14 15 22 25 27 28 29
3 7 9 10 14 15 16 19 20 21 27 28 29
2 3 12 13 14 15 17 19 22 23 26 28
4 13 16 18 22 27 28
2 3 10 15 16 18 19 24 26 28 29 30
1 2 3 5 10 11 17 20 21 22 24 26
1 6 7 8 9 10 13 15 19 20 22 23 24 25 28
1 5 6 10 13 15 20 22 25 26 27
1 2 4 6 8 16 18 21 28
4 5 9 10 11 16 18 19 21 25 27 28 29
2 6 10 12 14 16 17 19 22 30
2 3 4 8 9 16 18 22 23 25 27 30
2 4 8 10 11 15 17 24 26 27
3 4 6 10 13 23 24 25 28 30
6 9 11 13 16 18 19 20 22 28
2 3 6 9 11 12 17 18 21 23 25 29 30
1 3 4 5 6 10 16 27 28 29
3 6 12 13 14 15 19 26
5 6 8 10 15 17 18 19 20 25 29
12 14 20 23 24 25 26 30
1 2 5 8 11 16 17 19
2 3 5 10 16 21 25 30
3 9 12 14 17 18 21 25 29
1 5 6 13 14 18 19 20 24 25 26 28
6 9 11 14 15 16 17 18 19 24 26 27 29
1 2 3 4 6 7 8 10 16 22 27
7 8 11 12 13 17 18 21 22 26 29
1 2 3 4 7 8 10 14 15 18 19 20 22 23 27
1 7 8 10 12 16 17 20 21 22 24 25 30
4 6 8 20 22
2 4 5 7 8 9 10 14 15 24 26 27
6 9 10 11 14 16 20 27 28
6 8 14 18 20 23 29 30
3 8 9 10 11 14 19 20 25 26 29
1 3 7 8 10 12 15 17 23 24 25 27
3 4 9 10 11 13 14 19 21 25 26 27 29
1 4 6 7 8 9 10 12 14 15 16 18 26
1 2 3 5 7 12 15 22 25 26 27 28 30
1 6 7 9 20 22 26 27 28
1 2 4 6 7 9 13 14 18 20 22 23 24 30
1 2 3 4 6 11 14 21 22 25 29 30
1 7 16 28 30
1 2 5 13 15 16 19 21 24 30
1 2 6 7 10 11 18 20 21 29
2 6 7 9 17 24 27 29
4 6 8 9 11 12 14 17 18 19 28
5 10 12 14 15 16 20 23 26 29
5 7 14 16 17 19 22 27 28
4 9 12 16 17 19 21 22 25 28 30
2 3 11 14 24 25 26 29 30
7 8 11 12 17 18 19 27 28
3 4 8 11 14 18 21 25 28
1 2 12 13 17 22 25
3 11 13 15 16 19 21 22 25 26 30
5 9 12 21 25 28 29 30
1 2 6 9 14 15 16 17 21 23 30
2 6 7 9 12 14 20 29
13 17 19 21 23 24 28
1 5 6 12 18 23 25 28 29
1 3 4 5 9 10 11 13 16 17 19 25 28
2 6 8 11 12 13 17 19 20 26
6 12 13 17 18 19 20 22 24 25 28
3 11 17 18 20 21 28
1 3 12 18 19 21 25
4 9 11 13 16 17 18 20 21 22 23 27
2 5 6 7 10 11 21 29
1 2 4 6 7 8 9 11 13 16 19 20 21 24 27 29
1 2 3 7 14 17 18 20 22 24
1 3 9 10 14 18 20 25 28 29
17 19 20 21 23 24
1 3 5 14 16 17 20 30
5 8 14 18 21 25 27 29
3 4 5 11 12 15 16 17 21 22 30
3 5 6 9 10 11 16 22 23 25 26 28 29
2 4 8 9 16 17 20 21 22 23 24 25 28
1 2 4 7 8 9 16 20 24 25 28 30
4 5 14 15 16 20 21 24 26 30
1 2 9 11 17 18 19 21 23 26 28 29
3 4 5 7 8 11 14 15 18 20 30
3 6 7 8 12 14 25 28 30
2 3 4 10 13 19 20 28 30
3 4 8 9 10 11 13 17 25 27 29 30
4 5 10 12 13 14 15 16 18 20 22 24 26 28 29
2 4 6 10 13 16 19 21 22 24 28
1 3 6 10 13 21 26 30
4 7 9 13 19 25 29
2 9 11 12 15 16 21 25 29 30
2 3 5 6 12 13 16 18 22 26 28 29
3 6 7 10 12 14 18 20 21 26 29 30
1 4 5 8 9 11 13 16 18 19 21 23 26 29
2 3 5 9 10 13 18 20 27
6 9 11 12 15 18 23 24 25 27
9 14 17 19 22 23
10 18 23
1 2 4 6 9 10 11 18 19 24 26 27 30
2 3 12 19 20 21 28 29
3 4 8 12 15 16 19 24 29
7 11 12 15 19 21 23 26 28
3 7 9 10 16 19 23
1 2 3 11 14 22 23 25 27 29
1 12 17 19 20 22 23 24 25 26 27 28 29 30
2 3 4 5 6 12 15 19 20 22
3 9 10 11 14 15 17 18 21 23 24 30
3 5 6 8 11 15 16 19 21 24 25 29
3 7 16 19 20 21 23 24 26 30
1 3 6 7 12 16 18 21 22 23 26
4 6 11 12 15 22 23 24 27 29
5 9 13 14 18 22 23 24 25 26 28 29
2 4 5 12 13 14 18 29 30
3 5 6 7 8 10 15 21 24 26 30
3 8 9 11 12 13 17 23
1 2 7 8 12 13 15 18 20 21 22 23 24 26
4 8 9 11 13 17 21 22 23 24 27 30
5 7 10 11 14 18 19 20 21 23 27 30
4 10 11 13 14 15 16 17 18 20 21 22 27 29 30
1 6 9 12 13 17 20 29
1 3 5 15 16 29
1 2 6 7 8 13 16 17 21 22 24 26 28
1 2 3 5 18 22 23 24 25 26 27
1 5 9 10 12 13 15 17 21 25 30
3 6 11 12 13 14 18 20 21 23 26
1 2 5 8 14 19 22 23 25 28
2 7 8 13 14 17 19 21 24 25 29
1 2 7 13 15 17 18 19 22 27
6 10 15 16 17 22 23 24 27 29
1 2 6 8 12 13 18 19 20 22 24 30
1 5 7 10 11 20 23 26
2 3 5 8 13 19 21 22 25 26 27 30
2 3 4 7 9 11 19 21 24 25 26 27 29
3 4 6 12 15 17 22 23 24 26
5 13 15 18 19 29
1 2 3 4 6 7 8 9 10 16 17 20 23 24 25
4 5 12 15 18 25 26
4 5 6 8 13 15 18 20 23 25 29 30
1 17 19 21 22 23 29 30
7 8 13 14 16 17 18 22 25 26 27 30
3 4 5 11 12 14 16 17 18 20 22 24
1 2 5 6 7 9 10 12 15 16 18 20 23 24
7 11 12 13 14 18 20 21 22 23 25 28 30
1 3 6 10 17 19 21 23 24 25 26 27 30
3 6 7 9 12 14 15 17 18 22 27 29
2 3 10 12 15 20 21 23 24 30
3 4 13 16 21 24 27 28 29
1 6 7 9 20 21 26 28 29
1 6 14 15 16 17 20 21 22 23 26 28 29
1 4 5 16 20 24 26 29 30
1 6 7 10 14 17 18 22 23 24 26 28
5 7 8 9 11 15 17 20 23 26 27
1 2 3 6 9 12 16 17 19 22 27 28
2 7 8 10 12 13 15 19 20 21 24 25 27 29
1 3 6 9 11 12 16 17
3 5 8 9 13 19 20 22 25 26
1 2 4 5 11 12 13 19 20 21 24 27 28 30
5 16 17 18 19 20 23 26 27 29
1 4 8 15 17 22 24 28 29
1 5 6 10 18 22 24 27 30
3 5 8 10 11 12 16 17 18 21 22 25 28 29
3 4 5 6 9 11 15 17 22 27 28 29
3 8 9 12 14 15 16 17 19 22 23 24 28
1 2 4 5 6 7 8 9 10 14 18 21 28 30
2 4 10 11 15 17 18
4 5 8 20 21 22
1 2 3 4 5 6 7 9 17 18 20 23 24 27
4 5 6 8 9 10 17 26
3 7 8 9 12 13 22 24 29
2 4 5 10 12 19 26 30
3 7 9 12 15 18 20 21 22 29
3 12 14 20 21 23 24 26 28 29 30
7 8 17 18 20 21 24 25 27 29
4 9 10 12 13 16 25 30
11 16 19 22 23 24 26 29
3 4 11 12 16 18 19 20 25 26 27 28 29
2 3 4 7 9 10 12 18 20 22 24 25
3 5 14 15 16 19 20 24 30
2 9 10 19 26 27 28 29
2 3 7 8 15 20 21 23 25
5 7 9 12 14 15 16 21 28 30
1 2 4 11 13 14 15 25 26 28
