3 7 8 10 15 28
3 4 5 9 11 13 17 23 27 28 29
4 8 12 15 22 24
1 4 5 9 12 25 27 29
3 9 12 15 17 21
1 17 20 23 24 25
6 19 21 25
2 4 5 8 9 14 16 17 22 23 26 29
3 12 14 15 17 18 21
1 5 7 8 11 12 20 23
2 7 9 12 16 20 21 28
7 8 9 14 16 18 21 29
3 5 9 11 19 21 22 24 26 27 29
1 8 11 13 17 18 20 26 29
4 9 10 18 19 21 23 30
2 8 11 13 14 20
4 6 10 21 23
9 10 12 14 15 20 21 22
2 11 12 14 18 22 27 28
4 16 21 29 30
4 7 9 10 12 17 20
11 15 16 17 22 30
1 3 7 8 9 19 23 25 26 28 29 30
1 14 15 21 22 23
3 5 7 15 16 21 30
2 3 8 9 13 17 18 21 23 24 25 26
2 12 17 23 25 28
2 3 4 6 14 15 18 25 26
1 3 19 21
4 12 19 20 26 27 30
1 9 23 25
6 10 13 20 22 24 27 28 30
1 3 9 14 23 24 28 29
3 6 9 14 18 19 24 27 28 29 30
1 2 11 15 16 19
5 11 17 24 25 26 27 28 29
2 3 26 27 28
4 5 7 10 11 14 15 19 22 26 27
2 7 18 20 22 23 25 29
3 6 7 10 11 12 15 17 20 21
10 17 20 21 27
3 4 7 9 27
6 9 15 17 19 20 23 26 28 29
1 2 5 6 12 23 27
2 5 9 10 18 19 23
3 4 6 13 17 21 22 23 28
3 9
3 4 5 6 13 17 20 22 28 30
1 7 8 14 17 26
3 6 9 14 16 19 24 26 29
2 4 9 12 14 15 27
1 9 13 26 28 30
3 11 15 19 20 23 24 27 30
2 6 15 16 26
1 10 28 29
3 10 12 14 18 20 21 24 28 30
7 11 14 18 22 24 25
4 14 18 23 25
1 8 10 11 16 17 26
13
1 5 8 14 21 28 29
4 5 6 13 15 16 17 19 21 25 26 28 29
5 7 10 20 21 22 23 24 27 29
1 3 4 12 19 21 24
4 10 11 17 26
3 6 9 15 17 27
2 5 6 8 9 13 14 21 22
2 16 20 22 26 27
5 7 8 9 12 17 18 19 24 30
1 5 6 14 19 23 27
3 7 10 13 15 30
6 9 13 16 27 29
4 15 23 24 25
3 21 29
7 8 9 10 11 16 17 25 27
1 5 21 24 27
5 8 11 12 15 17 19 22 29 30
5 6 10 11 13 14 18 19 30
1 2 4 8 14 28 29
6 12 13 16 17 28
4 5 9 13 15 16 17 22 26 27 28
8 15 17 21 27 28
7 11 12 16 20 22 29
1 19 23 29
2 12 25
2 8 14 19 23 25 26
2 5 7 9 12 19 20 25 28 29 30
2 4 5 7 9 10 12 13 27 30
1 12 13 21
1 3 4 5 9 11 12 14 15 27 29 30
10 12 13 17 23
14 19
2 6 7 10 18 19 20 26 27 29
10 19 21 23 26
2 4 9 13 14 15 16 17 21 23 26 27
3 10 12 17 20 27 30
1 3 7 9 21 27 28
2 5 15 16 17 23 25
1 4 7 11 12 20 23 24
4 6 7 9 10 11 13 16 17 28 29 30
3 8 13 17 18 19 22 24 28
9 10 21 24 30
6 9 13 17 22 24 28
2 9 12 15 16 17 18 20 21 22 23 26
8 9 13 14 16 22
4 7 9 22 30
10 21 23 24 30
2 6 14 18 30
4 13 15 16 22 23 27 28 29
3 4 8 10 12 13 16 23 24 25 28
4 6 11 12 15 16 17 18 22
2 23 24 27
12 16 20 22 25 27 29 30
3 6 8 10 11 15 17 29 30
1 5 11 14 20 22 30
2 3 5 11 15 18 20 27
3 10 14 30
4 5 15 18 20 24 26 28
4 10 11 13 14 15 18 26 28
1 9 10 12 16 19 21 27
1 5 7 9 11 13 14 18 20
5 11 14 17 18 19 21 27 28 29
8 11 18 22 26 30
1 2 6 7 8 10 12 13 16 17 19 21 22 25
2 17
5 6 7 12 16 19 24 25 28 29
17 25 30
1 6 10 14 20 22 23 25 26 28 30
2 4 5 12 17 20
4 13 15 16 25 29
1 7 12 13 22 26 29
1 4 7 17 18 25 30
4 7 8 10 14 16 17 20 21 27 30
2 3 4 5 8 11 12 16 18 20 27
1 11 17 21 22 23 26 28 30
4 5 9 10 20 23 24
1 9 18 19 26
5 6 10 13 16 29
3 6 7 13 21 27 28 30
18 19
3 5 6 17 20 22 27
2 11 13 15 16 22 27
1 2 3 6 8 10 11 14 28 29
7 19 25 29
1 2 6 10 11 13 16 21 25 26 27 28 29
13 17 26 29
2 5 7 12 16 18 22 27 28
2 16 26 27 28 29
1 5 8 11 15 17 19 20 22 30
7 8 17 26 27 29
2 6 9 17
2 3 4 12 13 16 23 26 30
4 10 15 16 20 21 24 27 29 30
9 15 19 21 26
6 7 11 13 15 23 24 27 30
8 10 13 15 18 19 21 28 30
1 2 4 5 21 24
14 16 23 29 30
1 8 10 13 16 18
1 2 12 15 22 23 27
6 10 14 18 19 25
1 4 8 16
2 6 9 11 17 18 19 23 24 27 28
7 15 16 19 26 27 29
4 5 11 12 13 15 20 22 27
1 16 17 20 30
4 13 14 18 20 22 30
4 5 12 15 20 21 25
6 15 19 23
7 10 17 22 27
2 9 12 13 14 27
2 9 12 18 21 22 23 25 26
2 16 17 22
1 11 16 22 23 24 28
6 10 14 15 17 22 23 26
1 4 6 9 10 14 15 17 20 26 29
2 3 4 6 10 11 13 14 22 23
3 9 13 16 25 27 28 30
2 5 8 18 21 23 27 28
1 3 9 10 13 14 15 16 17 25 26 27
1 2 17 18 19 25 30
1 2 5 7 12 13 15 28 29
6 8 13 15 17 19 21 22 24 25 30
1 5 8 14 17 19
5 11 13 15 22 24 30
4 6 7 10 13 16 17 18
1 8 9 23 28
1 3 10 11 13
6 13 27 30
1 2 6 11 13 15 18 21 30
5 7 8 14 15 18 25
4 5 9 16 18 23 27 28 30
3 4 9 13 14 16 18 21 27 29 30
3 4 6 9 10 18 19 21 25 30
6 10 11 12 15 16 17 18 19 23 26 27
6 12 14 21 25
2 3 8 9 12 13 14 18 20 21 23 29
3 5 6 9 16 18 19 23 26
3 5 6 11 12 15 16 25 26 27
1 2 4 6 8 10 12 15 16 19 21 23 25
