8
6 10 16 17 28 30
1 10 17 30
3 12 25
3 7 15 17 19 21 30
12 28
3 7 9 10 22 26 28
2 3 16 22 30
5 16 19 21 27 29
13
3 6 16
16 26 30
1
14 26 28
1 11 21
8
3 6 7 10 18 23
13
5 8
5 8 15 17 19
2 3 17
11 15 18
22
7 10 12 17
15 24 27
15 16 19 21
1 5 16 28
7 8 14 16 27 28
18
26
6 8 20
12 21 30
12 24
15 18
10 12 28 30
5 11 14 30
5 6 15 29
5 6 16 20
7 15 21 29
13 26
2 15 29
14 15 23
9 27 30
14 18
7 10
18 23 24
18 23
2 14 17 27
3 4 8 16 21
10 22 23 24 28
2 4 5 11
2 6 8 9 29 30
10 15 20 22 29
4 5 7 20
5 17 28
14 20
13 23 30
11 12 29
30
9 10 12 17
4 21 25 26
9 16 27
14 27
5 23
6 15 24 27 30
4 6 9 28
8 11 15 22 26
23
18 21 25 30
4 20
3 29
11 15 22 25
19
5 7 11 23 30
24
11
1 7 13 28
13 20 24 26
7 8 14 15 19 25
19 27
1 2 24
8 10 11 14 15
1 13 16 22 29
3
24 28 29
4 5
11 28
4 7 8 17 28
2 5 6 10 14 15 27
2 4 11 18 25 28 29
5 9 15 30
1 3 9 10 21 30
5 9 14 16 23
6 15 20
1 18 19 22
2 3 15
30
1 12 17 28
5 11 22
14 17
21
7 10 13 17 26
1 13 23 28
9
20 23 26
3 12 20
9 12 17 25 27
7 26 28
12 18
3 15 22
8 11 12 20 21
8 20
1 17 18 20 28
23
4 15 18 27
8 10 12 18 21 27
17 29
1 6 12
5
21
4 16 29
5 28
10 28
4 6 11
3 25
5 14 18
11
2 23 24
7 8 10 24
13
6 11 17 20 24 27
4 17 19
8 14 17 25
5 6 11 13 14 15 22
15 17 24 26
6 12 27 30
13 21 29 30
7 12 25 30
1 3 19
10 12 14 20 22 25
29
18 23 24
27
7 14 26 28
9 11 15 26
10 11 19 20 30
4 7 15 22 27
9
6 13
13 19 22 25
4
1 12 19 30
20
6 28
2 8 15 18
9 11
3 6 7 12 16
15 22 30
8 12 23 30
1 21
3 18 22
10 27
2 3 7 15 22
2 7 22 24 27
15 18 19 20 21 26
15 25
1 23 25
1 10 30
12 15 17 18 19 21 27
3 16 19
8 18 30
19 21
21 24 25 27
10 14 18 23 24 25
1 6 13
8 23
5 7
2
1 8 25 26
4 9 12 17 19 25 28
15 20 27
4 27 29
1 9 13 17
6 23 30
12 20 28
29
24
3 14
24
3
7 11 16 19 25
1 21
7 17 29
19
5 13 16 24
9
27
9
2 4 5 13 20 23 25
13 16 21 25
