6 13 14 23 27 29
2 3 10 14 15 16 18 19 20 21 23 25 26 27
1 4 9 10 11 14 16 18 22 25 30
1 3 4 11 14 18 20 21 22 23 29
6 7 9 12 15 20 26
2 4 6 13 18 22 24 25 30
1 5 7 10 11 14 16 23 24
1 2 7 9 22 25 27 30
2 4 5 6 10 11 15 16 18 21 26
3 5 11 14 18 24 26 27 28
3 6 9 10 14 16 22 25 29
1 3 4 6 11 16 18 24 25 30
3 8 20 23 24 27 29 30
4 7 18 19 22 27
1 3 5 8 9 10 12 14 18 24 27
4 7 13 14 15 18 20 21 23 24 25 27
2 3 4 8 15 22 27 28 30
1 6 8 16 18 22 25
1 2 3 8 13 15 18 20 22 29
2 4 8 15 17 22 23 25 27 29
2 4 5 8 9 10 12 13 14 15 17 18 19 23 25 26 27
2 5 8 15 18 20 23 24 26 27
1 2 4 10 12 23 26 28 30
10 11 12 15 17 22 27 28 30
1 3 5 7 8 9 12 14 21 24 25
3 8 15 17 25 26 30
7 8 10 13 18 24 25 26 28
5 6 12 14 17 18 19 23 26
7 8 11 12 14 15 16 19 20 23 25 29
2 4 10 11 13 16 17 19 21 25 27
6 7 8 11 13 15 19 23 24
1 9 10 12 21
2 9 16 17 20 23 26 30
1 7 12 14 25 27 30
1 2 3 7 10 12 15 21 25 26 29
4 7 8 9 10 14 15 16 17 18 19 22 23 27 30
8 9 13 16 17 18 20 22 26 27 30
2 5 9 14 18 21 27 30
1 12 14 15 23 24 25 30
1 3 6 27 28
1 2 3 5 8 25 27
1 5 10 13 14 19 21 23 28 29 30
5 6 8 9 10 12 18 20 23 24 29
1 2 7 9 14 15 16 18 23 27 28 30
4 5 6 7 10 13 16 20 22 23 27
1 6 8 17 19 20 21 25
1 2 5 14 16 17 19 20 21 26 28 29 30
1 2 6 7 9 17 19 23 26
1 10 12 15 21 23 25 28 30
1 2 3 4 6 7 10 16 20 21 27 28
1 2 15 18 23 24 30
4 20 21 23 25 27 29 30
1 3 7 11 12 14 17 18 19 23 25 30
1 3 6 7 10 11 13 16 22 23 24 27 29
2 10 19 27 28
2 8 9 12 13 17 25
2 3 6 14 22 29
1 11 13 23 28
3 9 11 13 17 21 22 24
2 3 8 9 12 14 24 25 29 30
6 8 11 12 13 16 17 19 20 21 23
1 4 6 14 18 20 23 25
4 5 6 8 12 17 20 24
8 17 18 19
8 9 16 21 23 28 30
1 10 15 19 21 23 24 26
2 5 10 11 17 19 24 25 29
2 11 17 21 25
1 2 8 9 16 20 22 30
4 5 13 14 19 25 29
1 5 7 10 14 18 20 22 27
3 7 10 11 16 20 22 23 25 26 28 29
2 6 8 9 14 19 22 25 26 28 30
1 6 9 20 21 22 23
6 9 13 17 18 21
1 6 7 8 9 17 18 25 26 27 29
3 4 7 11 13 14 17 18 22 24
7 8 13 16 17 19 20 24 27
2 4 15 17 21 22 26 29 30
1 4 7 10 12 14 17 21 23 30
1 3 7 8 9 10 14 17 21 25 26 27
2 3 7 9 10 13 16 22 24 26 27 28
1 7 8 13 15 30
3 5 7 14 16 17 21 22
2 4 5 8 11 12 13 18 20 21 25 26 28
3 4 12 15 20 21 23 26 28 30
2 4 9 13 23 30
9 10 13 14 18 20 22 25 28
3 4 5 7 9 10 27
8 12 13 14 18 21 26 28 29
6 16 20 21 24 28 29
3 8 9 15 18 20 21 22 26
1 3 8 9 13 20 22 24 25 28 30
3 13 14 17 19 21 22 23 26 28 29 30
1 9 11 13 15 19 21 27
6 9 12 13 16 20 24 25 27 30
1 2 7 10 20 21
3 8 9 12 22 27 28
2 13 15 16 21 24
4 10 11 12 13 16 18 21 24 25 26
2 5 9 10 14 19 22
4 9 10 16 18 19 21 22 26 28 29
3 10 22 25 28 29
1 2 4 5 7 17 20 21 23
2 8 9 10 11 15 16 17 24 27 30
4 9 10 12 15 16 19 20 26 28 30
16 17 22 26 28
1 2 6 9 14 18 21 23 25 27 28
5 8 10 11 12 14 20 22 28
1 6 7 8 10 14 16 17 19 20 22 29
9 10 14 16 20 22 29
1 2 6 8 14 15 17 19 23 25
1 3 6 8 9 11 14 23 25 26 27 28
1 6 9 10 11 14 20 21 24 25
2 3 13 18 24
9 12 16 19 20 21 30
5 6 8 10 21 28
2 5 6 9 11 15 19 24 25 26 27 28 30
8 14 16 17 18 21
1 7 16 18 26 29
5 11 13 16 18 19 29
2 6 7 18 19 20 27
3 5 6 9 11 13 16 20
8 10 21 22 23 25
11 12 16 17 19 20 21 23 24 27
1 6 8 11 13 15 16 22 23 26 28
1 4 5 7 8 13 15 17 25 30
8 9 15 16 18 20 22 23 25 26
4 6 10 11 12 15 17 19 21 25 26 27 28 29 30
4 5 14 17 20 21 22 23 28
1 7 12 16 18 19 23
2 3 4 5 11 12 14 15 16 21 22 23
3 4 5 16 17 24 25 28 30
2 5 9 10 11 12 14 21 22 23 27 30
2 10 11 13 20 25 29 30
7 12 17 18 25 30
1 4 5 7 16 22 28
2 4 7 9 14 26
2 7 9 17 18 19 20 26 30
3 4 6 7 8 9 10 15 20 24 29
7 8 12 16 17 19 21 25 26 27
6 8 9 10 18 22 28 29
1 5 6 9 11 15 18 22 29
2 3 21 29 30
4 6 8 10 12 14 19 20 25 29
8 9 10 12 14 17 21 22 24 27
1 2 7 9 10 11 16
9 13 15 17 18 19 22 25
5 6 7 9 13 18 22 24 27
1 2 7 8 13 14 15 22 27
12 19 21 24 25
5 7 10 11 12 14 18 19 21 28
1 3 7 11 12 18 26 29
5 6 7 10 21 23
4 5 10 11 16 21 25
4 16 17 18 19 23 24 27 30
1 15 17 19 21 28 30
2 4 8 15 18 20 27 29
6 10 11 14 16 23 27
3 5 6 8 11 13 14 21 23 26 29 30
1 4 5 8 11 22
10 11 13 14 17 19 26 29
9 19 29
1 6 10 13 25 26 27 28 29 30
4 10 15 18 28
2 3 5 8 17 20 25 30
7 9 11 12 16 17 18 20 26
2 3 5 6 7 8 12 13 15 16 18 20 22 23
6 7 10 11 12 13 21 25 27 29
3 6 7 8 12 21 22 25 30
4 8 10 14 16 18 20 21 22 23 24 26 29 30
4 8 9 12 13 15 22 23 27 29
1 5 8 9 13 14 15 19 21 23 27 28
1 5 6 10 11 17 28
1 3 7 9 17 19 20 28 30
1 2 6 7 9 12 13 17 19 20 23
1 12 14 18 20 29 30
3 7 11 13 15 26 30
3 4 15 21 23 30
2 9 11 12 13 17 19 27 28
5 14 15 20 23 26
7 10 12 18 19 22 23 24 29
4 9 15 18 30
1 13 15 21 28
1 5 7 8 10 11 12 13 14 15 16 17 19 20 21 26 29
2 7 10 11 14 16 21 22 26 29
3 4 12 13 17 18
1 2 4 6 8 10 14 15 18 24 25 30
2 4 6 14 20 21 22 23 26 27 28 30
7 18 22 24 27
6 13 18 23 24 25 26 27
1 3 7 13 19 21 24 26 28
1 4 5 9 13 18 19 20 21
3 4 8 11 15 17 21 26 29
5 7 9 11 12 14 18 22 23 27 29 30
1 9 11 13 17 23 26 28 29 30
4 8 13 14 19 20 28 29
2 7 15 22 23 24 25 26 27
1 2 6 8 11 19 21 22 24 25 27 29
1 4 8 9 12 17 24 28 29
