24
9
14 17
28
8 24
18
26
21 29
7
14
13 20 26 27
9
26
1 12 27
2 5 13
4 10 15 22
10 27
10 21
25
10 21
10 13
3
3
15
9 10 21
7 22
15
5 11 12 26 29
11 15 28
18
14 29
22
4 10 14
2 12 18 26 27
1 3 29
4
1 15
9
9 26
25
26
24
8
1 3 5 11 27
25
2 20 27
20 25
29
20 22
8 27
5 30
4 6 8 18
10 23 27
10 15 21
15 19
1
28
2 17
3 24
3 20
1 16 24
27
9 28
1 26
16 26
10
24
7 9 27
15 21
4 10 18 24
2 9 27
12
17
30
18
19
1 3 11 18
13 23
9 22
30
1 2 13
6 12 16
4 10 16
17 19
17 27
7 18 27
23
17
1 11 15 18 21
1 23 30
22 24
9 12 13 23
11
5 25
4
10 15 23
5 15
5 10 15 16
22
15
3 15
20
24
6 27
23 27
20
4
11 14
18 19
12 19
14
21 27
27
2 4 19 30
1 4 23
6 18 21 22
5 16
5
17 23 24
11 22 26 28
13
24
6 15
7
1 3
22
3 26 28
2 10 18
3
24 30
9 12
18 29 30
19 23
19
21
2
8 25 26
5 22
26 30
8 15 20
13
14
1 12 13 19
16 22 29
25
26 28
19 21
27 29
4 5 9 14 16
24
6 17 30
6 7 27
10 14
23
3 19
18
5 13
12 17 25
2 6 12 16 22 25
15
5
21
18 27
4 10 11 17 22
21 23
23
6 16
15 16
11 17 19
3 4 7 16
3 8 24 26 27
6 21
19 21
4 5
3 11
4 20
14 28
8
14 25
15 20
15 20
9
15 16
5
7
25
11
4
15 28
15 21
2 7 12
26
4 12 15 30
12
4
5 18
9 15
8 10
16 18
3 26
