23
1 6 8 9 11 12 13 22 25
12 16 20
6 14 16
3 6 12 24 27
4 8 9 19 21 25 26
2 3 7 20 22 25
1 12 28
4 8 11 15 20 24
5 28
2 4 6 12 19 23 25 29
4 5 16 19 23 25 26
9 18 19 21 24
4 10 18 23 27
3 7 8 12
23 26
3 11 14
6 8 15 20 22 24 26
28 30
6 13 14 17 20 21 30
11 17
5 13 17
22 26
1 19 24
4 7 9 12
2 4 5 14 15 24 28
1 9 29 30
3 24
2 3 6 18 19
2 6 8 20 22 29
21
3 8 12 20 24
8 16 21 22 29
9 24 27
1 4 9 12 14 17
1 4 5 11 12 14 18 20
19 22 24
20 24 25
1 25 26
20 21 25
4 7 14 19 30
25
4 9 13 21 27 30
4 9 14 17 18 20 21 23 24 26 27
15 18 19 23 28 29
8 13 15 17 22
6 10 11 16 20 23 27
2 6 11 17 29
2 9 20 22 27 30
21
1 5 18
14 27
17 25 27 29
2 11 12 13 26
2 4 8 16 27
11 13 17 19 26 28
6 9
1 2 6 30
5 7 11 13 14 21 25 26
3 4 5 6 15 17 18 25 28
3 14 20 23 24
2 5 21
13 17 20 21 26
8 13 21 24 27
5 8 25
2 4 13 23 24 26 29
2 3 9 11 13 17 18 30
11
11 19 23
14 23 24 29 30
12 19 26 29
10 15 18 20 21
5 13 17 20 25
8
2 5 29
2 21
7 13 21 26 27 29
1 5 8 13 18 21
5 12 19 26 30
2 3 11 12 16
7 11 26
10 17 24
4 18 30
2 10 11 12 14 16 17 28
2 10 17 18 20 21 22 25
3 5 7 8 9 10 13
7 16 19 25 30
8 16 19 22 25 27
3 19 29
10 18 28 29 30
1 3 7 13 16 21 28
6 7 8 24 26
1 4 10 13 15 25
7 14 22 23
7 17 18 21 24
1 21 23 24 29
4 5 14 18 19 22 26 29
1 3 16 18
2 7 9 26 29
3 25 27 30
3 7 9 15 16 17
1
2 7 15 23 28
1 9 11 16 17 19 25 29
2 11 27
1 4 9 12 23 25 27 28 30
10 24 28 29
11 19
4 9 12
9 18 21 26 27 29
13 16 17 22
4 12 17
4 10 14 19 30
8 12 17 26 28 29
1 2 9
9 13 15 17 18 22
9
4 5 6 9 19 20 24
27 29 30
2 4 18 19 21 30
5 15 21 23 25 30
4 6 12 26
1 9 10 11 12 13 14 18 23 29
1 2 19 26 28
9 16 24 27
14 20 26 27 30
7 9 16 21 28
2 6 8 10 17 23
8 18 20 22 25
11 14 16 19 22 23 26 28
3 15 17 22
14 15 19 21
3 8 10 12
1 3 6 17 19 20 21 22
3 5 8 9 10 25
4 14
12 16 17 24 25 28 29
5 25 26
1 4 5 23 24 25
6 11 18 20
7 18 22 23
2 14 15 18 23 25 29
2 3 4 12 17 22 23
2 9 13 15 20 27
14
17 19
10 16 28
2 7 18 22 27
3 8 25
14 29
2 7 15 17 30
2 6 12 18 19 25
4 5 14 15 18 21
4 14 18 20
16 21
1 3 5 17 18
2 4 14
1 5 7 10 11 23
2 3 20
2 7 19 21
3 10 15 17 20
14 26
11 14 16 20 27
2 6 21 23
4 7 19
1 10 12
1 5 6 12
6 8 15
9 10 12 23
10 23 27 29
7 8 14 15 16 19 22
3 10 26 28
3 10 11
2 7 15 20 21 25
15 16
3 9 15 21 22
8 22 25 27
3 11 15 21 24 26 29
16 20 22
2 3 11 15 22 29
9 12 18 21 30
1 11 14 19
1 22 28 30
5 10 23 28
12 13 15 22 25 28 30
5 8 28
5 21 22 23 28
2 7 10 13 19 21 22 26
7 12 19 22 23 28
5 8 18 22 24 26 27 28
1 5 10 12 14 18 20 21
3 4 16 19
4 8 9 11 13
5 7 23 30
4 6 24
2 6 10 13 16 24
7 9 28
11 17 18 19 30
11 12 23 25 29
1 14 16 25 26 30
