1 2 12 15 24 25 28
1 2 8 13 27 28 29
9 18 20
1 3 6 7 11 14 18 22
1 3 10 18 25 26 29
3 7 9 15 18 21 23 27
4 8 11 12 13 20 21 22
4 10 20 22 27 28 30
2 7 16 18 24 26
8 13 15 22 29
1 2 5 13 18 22 25
7 28
5 9 16 27
11 14 22 26
1 4 6 11 16 18 19
7 23
8 16 21 22
8 11 12 26
8 11 12 13
4 6 7 15 17 21
1 3 9 10 12 15 21 30
1 5 6 7 8 11 12 17 23 28 29
2 3 4 12 16 21 25 26 29
3 4 8 30
2 3 4 6 7 8 15 22 25 27 28
2 3 9 15 23 24 27 30
6 15 17 24
6 11 15 16 18 21 28
3 8 10 20 23 28
1 14 17 25 26
5 6 13 19 20 21 23 28 30
1 9 10 11 22 23 27 28
7 19 27
7 9 10 16 21
1 6 7 9 10 17 18 25 29
1 13 27
4 9 11 14 15 19 24 26 30
2 4 5 6 9 11 12 22 29
16 17 19 20 23
11 20 22 24 26 30
7 9 11 15 16 30
1 3 7 9 12 23 25 27
4 5 13 29
6 17 25 28
1 3 5 11 12 14 19 24 25 27 30
9 13 26
2 5 11 13 24
2 3 7 8 9 10 15 18 25 30
1 3 8 12 13 15 21 23 28 29
3 5 22 29
1 2 9 14 19 29
3 5 8 13
9 12 14 16 17 23 24 26
3 5 6
5 10 13 15 22 27
1 4 12 13 14 16 22 23
5 8 9 11 17 20 21 23 30
5 6 9 14 18 23 28 30
4 5 7 11 13 15 17 19 22 24 26 27
4 6 7 9 21 22 26
4 5 6 17 19 27 30
1 8 15 17 25 29 30
2 3 12 14 16 20 21 23 26
5 11 14 16 17 21 30
7 12 14 20 25
5 16 24 25
1 2 7 12 13 14 16 23 28
1 5 18 24 28 29
3 4 20 25
7 13 23 26
8 9 13 15 17 25 28 29
4 8 9 21 27
7 10 12 19 30
13 15 17 23
1 6 7 10 13 16
2 15 17 20 27 28 30
1 23 25
1 3 9 10 24
13 14 16 21 22 23
2 10 25 27 28
4 5 6 13 14 19 20 27
5 6 8 10 11 15 20
3 10 14 15 16 26
8 11 13 16 17 20 21 29 30
1 5 6 14 22 26 28
10 15 20 26
2 8 10 14 30
5 9 12 18 20 28
3 19 21 24 25 28
2 3 15 19 20 24 30
3 4 6 12 22 24 26
8 13 14 16 17 20 21 26
1 3 6 18 22 28 30
1 2 5 11 18 19 22 24 26 29
2 22 30
19 28 29
2 4 5 15 22 23 29
7 13 18
1 6 14 15 18 20 21 28
4 6 7 16 18 19 23
14 18 29
5 12 15 16 20 28
1 3 4 9 12 16 25 26
12 29
1 4 5 14 19 26
10 13 17 20 26 27
1 2 8 11 29
1 4 13 18 20 24 26
1 4 9 11 12 14 15 19
11 14 16 19 20 22
6 8 9 17 18 22 25
1 2 16 18
2 7 8 16 23 24
1 2 3 6 8 12 16
6 9 10 11 13 16 17 21 22 24
1 6 11 12 16 20 27
1 6 14 24 30
5 6 7 9 19 20 27
3 7 8 14 19 21 25 29
19 20
1 21
11 14 25
2 17 29
1 2 21 23 28 29 30
3 18 29 30
2 4 21 23 25 26 28
1 6 8 11 12 21 22 29 30
2 4 5 12 14 15 21 22 25 29
5 9 10 11 16 21
1 2 4 7 11 19 28
1 6 13 17 19 27
3 8 18 28 29
2 7 16 18
6 7 11 12 13 29 30
6 7 8 12 29 30
7 8 9 10 12 21 24 28 30
12 17 23 24 28
4 5 8 15 21 24
17 23 29
17 21
1 7 15 18 21 23 29 30
1 2 4 16 17 25 26 28
3 4 8 10 12 15 16
5 9 12 16 24
9 20 22 28
1 10 12 17 24 27 30
4 13 22 24
2 15 28 29
1 10 12 14 20 29
6 7 23 25 27 29
1 4 21 22 26
1 3 6 9 17 27 28
1 18 25
1 3 6 11 16 19 23
15 16 20 25 29
3 5 24
2 9 11 12 13 20 24 26
16
3 11 22 24 30
12 15 19 27 28
6 13 24 28
3 4 8 9 10 14 18 29
15 17 18 20 21 25 27
2 12 25 28 29 30
8 10 12 14 15 16 18 22 23 27
12 16 20 26
1 5 6 9 15 18 30
9 11 20 21 23 26 27 30
7 11 15 19 22 25
4 8 14 20
1 2 3 5 15 17 21 24
12 15 20 23 26 27
6 7 8 14 17 20 22
5 6 12 14 21 28
1 18 21 30
1 2 22 23
1 2 7 8 10 13 21 22 26
3 6 14 22 24
1 13 14 16 29
4 14 16 23 24 27 28 29
9 16 17 18 26
4 17 19 21
2 3 4 6 7 11 13 16
2 10 12 13 17 24
5 9 10 17 29 30
3 9 10 15 23 24
1 4 7 23 30
9 10 13 15 22
3 4 5 7 9 13 15 19 22 23 29
3 4 7 15 17 24 30
8 9 16
1 11 19 20
9 19 24
4 16 17 23
1 7 13 25
4 12 28
1 6 9 13 15 19 22 26
5 7 9 13 14 16 25 26 27
13 21 25 27
1 10 17 21 23 29
