1 13 24 25 28
1 3 6 7 23 27
1 4 6 7 8 18 25 28
1 2 4 6 7 11 13 17 24 27 29
1 2 4 6 7 8 13 18 19 21 24 30
1 6 8 11 13 18 21 24 27
3 6 21 24 25 29 30
2 4 6 7 10 11 14 18 30
1 8 12 22 24
4 5 9 25 29
1 5 7 15 20 24 28
2 3 4 5 7 11 12 17 18 22 24 27 30
1 8 16 18 19 20 21 25 26
5 8 9 16 24 30
7 21 30
4 5 14 17 18 21 24
1 6 7 12 13 16 20 22 23 27
1 5 15 16 17 20 21
9 13 28
5 22 23
1 5 6 9 11 12 13 17
7 16 18 19 20 24 27 28
3 4 11 12 18 19 27
2 5 26 28
5 6 13 15 19 20 27 28
3 8 10 11 17 26 28 30
1 3 5 13 21 24 28 29
1 3 7 12 13 18 19 20 21 22
1 3 8 10 14 23 25 27 28 29
2 5 9 16 19 29
1 3 10 11 12 16 22 30
2 6 8 16 18 23 25 27 28
1 3 6 7 12 13 14 16 17 25
1 2 4 9 10 12 18 20 23
2 4 5 10 14 20 22 23 27 28 29
9 13 15 18 20 26 30
2 3 13 14 15 16 22
5 7 19 20 21 22 23 30
5 14 17 21
11 13 25
7 16 19 23 25 26 29
3 14 15 24 25 26 28
1 2 13 14 15 24
1 3 12 13 17 19 20 21 23 25 27
5 9 11 14 18 19 20 26 27
3 5 6 9 14 17 18
4 9 13 17 24 30
1 5 12 13 14 17 18 23 25
1 2 4 5 7 8 10 26
3 4 5 10 12 22 28
6 9 11 13 14 16 17 29
1 2 8 12 18 22 25
1 2 3 4 9 17 24 27 29
4 6 10 11 21 22 23 25 29
1 13 18 25 27 30
2 8 12 14 15 18 21 23 29
7 14 17 18 20 23 24
7 17 22 23 24
2 3 8 9 12 16 23 25 26 27
1 3 5 14 15 16 27 28 30
1 8 9 12 13 15 17 22 26 28 30
1 2 5 7 8 10 15 19 22 26
5 14 16 17 19 29
13 15 19 25 26 29
1 8 12 14 15 20 27
8 10 16 17 21 22
1 4 8 15 19
11 16 21 28
5 9 11 12 18 26
5 7 8 13 16 22 24 26 28 29 30
9 17 20 24 26
1 10 15 17 22 23
1 5 8 10 12 14 22 25 29
3 9 13 21 23 24
11 14 18 20 22 24 27 28 30
3 4 11 15 16 23 27
4 5 8 16 17 21 25
1 4 5 6 17 20 23 24 25 27
3 6 7 12 18 19 22 23 24 26 27 28
7 9 16 19 20 21 23 25 29
8 13 25 30
1 2 7 12 16 24 26 29
1 4 6 15 16
5 6 15 17 20 27 29
1 8 9 14 19 20 29
5 6 12 14 16 17 21 22
1 3 9 13 14 15 23 30
17 22 24 26
2 8 9 13 20 21 23 24
2 3 6 9 11 15 17 20
2 4 16 18 23 24 27
3 4 5 13 15 23 26
1 3 4 6 10 14 16 20 26 28 30
7 10 11 16
13 17 19 21 26
7 16 23 26 29
1 8 11 20
5 7 20 29
3 4 6 9 10 16 18 22
7 8 9 11 12 19 24 27
1 2 4 7 8 10 18 19 20 23 27
1 13 21 30
2 7 12 13 19 22 24 27
5 7 18 26
4 7 11 14 22 23 24 26 30
2 4 14 15 17 18 21 22 24 26 29
6 7 10 11 18 19 20 22 25 29
5 13 14 17 20 23
7 11 12 17 23 25 30
4 7 10 12 15 23 26 30
4 10 14 15 17 18 24 27 30
9 10 25 28
2 8 10 11 12 13 14 15 16 17 19 23 27 28 30
4 5 9 10 14 22 28 29 30
1 3 4 6 9 13 16 19 20 27 29
1 4 6 9 10 12 13 14 16 20 23
2 6 12 17 18 19 25 30
3 8 12 14 22 23 29
3 16 17 21 22 28
7 9 10 12 14 16 17 20 21 29
12 13 20 25 26 27
3 12 14 16 21 23 29
1 4 8 11 12 22 23
5 8 12 13 16 19 25 29
5 10 15 17 20 25 26 28 30
4 14 20 24 26
2 3 5 10 12 16 17 19 29 30
1 3 5 8 9 20 24 26 30
18 19 22 25 27
1 5 8 9 10 13 14 17 20 30
5 9 15 16 17 18 19 23 25 26 29
4 6 7 11 12 13 15 16 17 23 24 28
8 10 11 12 14 20 22 26 27 29
1 4 5 8 9 10 12 16 17 18 20 24
3 6 7 13 21 23 27 30
2 6 7 19 28
1 14 15 18 26 28 29
8 11 13 15 18 20 21 26
4 5 7 8 11 12 17 18 22
1 3 5 7 10 11 16 19 23 25 26 27
2 4 8 9 10 15 20 21 23 27
12 18 19 20 22 27 28
1 7 11 18 23 24 27 30
8 9 11 12 18 20 23
1 5 7 11 12 17 18 26 27 28 30
11 16 21 24 27 28
5 7 11 16 19 30
1 2 8 9 11 12 15 17 18 19 20 23 29 30
2 5 8 9 15 21 22 23
4 6 7 12 14 15 19 20 24 26
1 5 6 11 13 14 15 17 19 26 28
2 3 9 21 23 29
1 2 5 10 11 20 24 29
2 3 4 8 10 12 19
7 8 9 11 15 23 24
1 6 7 8 13 23
4 11 14 16 18 25 28 30
1 6 10 15 17 19 20 21 23 25
10 12 19 26 28 29
6 10 12 13 14 24 25 27
6 7 9 14 15 21 23 30
3 6 11 12 18 21 23 29
14 15 17 24 30
2 5 6 11 12 14 18 19 23 28 29
4 5 7 19 24 26
2 6 9 12 14 16 20 30
9 14 18 19 21 26 28 30
4 5 6 7 8 15 21 24 26 27 28
3 19 22 23 24 29 30
15 19
2 4 9 12 13 14 16 17 22 24 27 28
7 10 14 18 19 24 28 29 30
1 4 6 13 15 17 19 20 21 25
2 7 8 9 14 15 17 18 28 29
4 7 8 13 23
1 10 11 15 17 21 28
6 7 8 10 12 13
4 6 12 15 17 19 26 29 30
10 11 12 15 20 21 23 24 26
7 15 16 17 18 20
1 6 8 13 20 21 24 26 30
2 4 5 8 11 12 15 19 28
3 8 12 13 15 19 21 26
3 6 7 11 14 16 18 23 24 27 30
9 11 13 16 17 18 20 21 22 27 29 30
3 5 8 9 11 14 22 24
5 7 10 12 16 17 19 23 28
2 3 4 11 13 20 24 25
5 9 12 14 18 19 21 28
7 9 10 13 15 18
2 5 9 13 14 15 18 19 20 24 25
9 12 13 20 22 26 29 30
6 8 9 15 20 26
12 21 25 30
1 2 3 4 12 14 18 21 24 30
1 4 5 6 8 9 14 17 18 22 29
3 4 7 8 10 14 17 20 28
18 21 22 23 25
1 3 11 12 19
6 11 15 16 23
