4 9 19 25 29
1 4 9 11 13 19 20 21 28 29
2 5 8 13 14 15 16 18 19 23 28 29 30
1 9 10 12 21 26
9 10 11 12 15 16 18 19 29
2 3 6 9 18 21 25 27 29 30
3 9 10 14 21 28
1 6 7 9 11 12 13 14 16 23 28 29
3 4 7 8 9 10 12 16 17 20 29
1 6 13 25 30
1 2 4 5 15 18 20 27
1 4 8 9 12 13 14 19 20 21 24 25 29
3 4 6 7 14 22 23 27 28
1 3 23 24
13 20 24 30
5 6 7 11 12 13 14 18 20 26 30
21 23 29
6 9 12 14 17 18 20 21 24 28
1 3 7 8 9 16 20 23 25
3 17 22 29
1 4 6 8 11 12 24 27
3 4 8 12 14 18 24 30
6 7 8 11 12 22 24 26 27 28
1 5 9 11 14 16 17 19 22 26 27 29
9 12 15 22 26 28 30
3 6 8 11 17 21 23 28
1 6 10 15 16 18 21 29 30
2 5 11 12 18 21 22 25
2 3 4 5 6 8 11 14 16 22 26 27 28
1 3 5 7 11 16 18 20 27 28
4 7 16 21 27 28 29 30
5 13 16 17 19 20 24
3 4 5 6 7 14 16 17 18 19 25 26 27
1 3 5 7 8 16 18 22 24 27
4 5 6 9 12 13 22 24 27 28 29
3 9 11 14 18 19 24
1 2 4 5 6 7 8 9 10 16 17 18 20 21 28 30
5 6 17 20 24 26 30
10 12 14 18 21 22 29
1 6 7 10 12 16 18 22 26 28 29
1 2 13 26
4 5 9 10 11 14 15 16 17 23 25 26 28
10 15 18 19 26 27 30
6 7 9 11 19 21 22 24 26 27
1 6 7 15 24 25 26 28 29 30
1 17 19 23 25 26 28 29
4 10 15 16 23 27
3 6 7 10 15 23 26 28 29 30
1 2 6 12 17 19 29
1 6 7 11 12 15 16 26 27 30
3 11 12 14 22 23 26 27
7 13 14 15 19 24 25 27 29
4 5 9 10 16 18 19 23 24 25
2 3 4 13 15 17 18 19 23 24
2 5 7 9 10 11 13 14 17 18 25 28
1 8 17 24 26 28 30
6 8 9 17 22 25 28
5 6 9 11 12 16 19 22 28 29
4 11 12 13 17 20 22
15 19 25
2 3 5 13 18 25 27 28 30
4 6 8 11 16 22 25 26 27 30
1 4 5 6 15 20 26 28 30
1 5 10 16 21 26 27
2 5 6 8 11 12 14 30
5 8 10 11 12 17 18 19 22 28 29
3 5 9 10 15 16 23 24 25 26 27 28 29
3 4 15 17 18 21 22 24 27 29
1 3 5 13 21 22 29 30
6 10 14 22 24 28
3 5 6 7 8 10 11 13 15 17 19 23 24 29
1 7 9 11 12 13 16 18 22 27
2 3 10 11 12 16 17 19 21 22
4 9 12 14 15 16 17 20 23 26 27 30
2 3 6 10 13 19 20 27 29 30
5 10 11 12 17 19 20 21 24 27 29
3 8 9 12 13 17 18 19 21 23 29
13 20 22 24 25 26 29 30
1 16 20 24 25 29 30
2 5 7 9 11 16 17 20 24 25 27 29 30
2 3 6 7 9 10 14 16 18 24 27 28 30
5 14 15 16 27 29
5 6 10 13 14 18 29
1 2 5 7 9 10 16 18
1 3 5 11 14 15 19 20 26
3 8 19 20 21 26 29
13 15 19 23 25 26
5 12 14 17 19 20 21 25
1 3 13 15 16 17 19 27 28
2 4 9 11 15 20 24 25 26 27 29
7 19 21 22 24 28
10 13 17 26 27 30
6 15 23
5 6 12 23 24 25 29
3 4 8 9 10 11 12 13 14 17 20 21 25
7 8 10 17 19 20 24 26 27
4 8 11 12 17 21 23 29 30
1 2 5 7 18 19 25 26 28 30
5 9 10 11 15 16 17 18 27 29
1 3 4 5 14 18 22 26
3 5 6 9 11 13 19 21 22 23 24 25 29
3 12 22 26 28 30
3 9 13 14 19 22 24 27 28
3 7 8 13 19 24 30
1 7 9 11 12 14 20 21 24 26 28 30
1 12 14 17 24 30
3 4 8 12 13 14 15 19 20 21 23 28 29
1 9 10 11 12 20 26 28
2 3 14 19 21 23 27 28 30
2 7 8 13 14 17 19 20 23 24 25 27
2 4 5 6 7 10 13 28
4 15 29
2 3 14 19 25 27 28
1 2 3 5 6 7 8 9 11 15 18 19 21 27
1 3 5 7 9 10 12 13 19 23 29 30
1 3 7 9 21 30
7 10 14 15 21 23 29
3 7 8 10 12 16 24 27 28
5 10 14 23 24 26 27 28 30
4 9 10 12 15 17 18 19 22 26 27
2 5 6 7 10 16 17 19 20 21 24
3 5 7 9 13 15 16 23 25 30
3 7 12 13 16 24 28 29
1 2 3 5 13 16 18 20 22 26 27 29
4 10 15 17 21 24 26 27 28
2 3 4 6 16 17 20 24
1 10 12 17 20 22 23 24 25 26
4 7 8 13 19 22 25
4 6 10 17 18 20 21 22 23 28
3 5 6 8 19 26 28 30
2 5 11 14 16 23 24 26 27
2 4 9 10 11 15 19 21 22 28 29 30
2 4 6 9 12 13 16 19 23 25 30
2 3 8 13 16 18 19 20 26 27
8 9 12 14 19 24 26 30
2 9 10 20 21 22 23 25 27
1 2 3 18 24 29 30
4 5 6 9 11 14 20 24 28 30
3 5 7 8 16 18 20 27 30
1 3 9 24 25
1 6 9 12 13 14 15 30
3 7 13 17 18 20 24 25
1 3 5 10 14 17 18 19 20 23 24 28
1 3 4 6 7 9 13 14 15 16 17 19 20 27 28 29
1 3 7 15 18 20 23 29 30
1 3 4 7 13 16 20 23 25 26 27
1 2 5 7 15 16 18 27 28
6 17 18 19 22
2 4 5 7 17 21 24 28 29 30
2 6 9 11 19 25 28 30
3 5 7 8 9 14 19 20 21 22 25 29 30
2 4 6 7 12 13 16 17 20 28
3 8 15 16 20 22 25 29
1 7 8 9 10 11 13 23 25
5 22 27 29
1 5 7 9 14 15 22 24 26 28 29 30
1 3 15 17 18 25
3 7 15 18 20 21
3 6 15 17 19 22
9 15 19 20 22 23 25 26 28 30
3 11 14 15 17 21 23
2 3 5 7 10 11 14 16 22 24 30
4 6 12 14 22 27 28
6 15 16 18 29 30
6 7 9 13 15 18 19 24 27 30
2 5 7 9 14 20 22
1 5 7 8 9 10 13 14 15 17 22 23 26
3 5 6 12 13 14 15 16
4 8 9 11 12 14 16 20
2 7 8 9 11 16 19 21 22 23 25 27 28
5 8 14 16 20 22 24 25 28 30
3 4 6 7 11 12 21 22 28
1 5 7 9 11 18 19 24 27
2 10 11 29
3 8 13 18 23 27 29
4 8 15 16 20 22 25 26 28 30
1 2 6 7 12 13 18 21 23 25 30
2 3 5 19 27 29 30
1 3 5 6 10 11 12 13 15 16 19 21 22 26
3 6 7 8 10 14 15 20 23 25 27
4 10 12 18 19 21 22 23 27 28 30
1 2 4 9 13 17 18 19 25 26
5 8 9 10 13 14 18 21 30
1 4 5 7 8 9 11 13 15 17 19 23 24 26 27 29
1 2 7 8 11 16 18 24 26
5 8 9 15 18 22 23 25 26 29
3 17 20 21 29 30
2 3 7 8 9 21 25 26 27 30
1 12 16 23 26 28
2 3 10 12 13 16 19 20 21 22 26 28
5 19 26 28 29 30
2 3 11 14 15 16 23 29 30
2 3 4 5 11 13 22 25 27
5 9 11 17 19 20 21 24 29
1 3 5 7 8 9 13 14 16 17 22 24 29
4 9 11 14 15 16 17 18 25 27 28 29
1 7 8 13 15 16 20 21 23 24 27 28
3 7 8 14 20 30
3 4 5 6 11 13 14 15 28
4 7 15 16 17 19 21 23 27
