26
5 11
20 23
24 27
18
29
3 9 24
14
2 18
27
3 26
6 18
11 21
20
3 8 10 30
10
11 18
9 11 12 28
1 28
16
3 6 22
11 22 27
24 26 29
5 23
1 9 15 23
11 16
22 26
16
3
4
19 20 30
14
8 23
2 14 19 30
2
7 15
5 9 12
2 17 18 20 25
19
1 8 12 17 21
2 8
11 22 24
16 17
10 24
8 14
8 17
5
1 7
13
14
4
9 17
16 23
2
30
14
6
8 10 17 18 26
4
16 25 27
16 29 30
18 19
8
3
18
8 15 24
10 27
3 12 13 14
1 15 30
25
7 12
9
10
8 18
1 15 25
7
6 19 29
11 12
29
1 28
6 24
25
16
24 29
24 27 30
18
4
1 26
1
6 14 24 25 26
5 13
5 19 30
16 21
28
19 21
19
2
6
6
1 22 26
30
1 24
8 22
3 14
17 25
13 14
27
4 13 20 21
13
12 18 22
7
2 8 25
11 14
25
23
3 25
20
30
19
8
8 23
8 14 24 26 30
25
20 21
2 16
1
5 11 14 20
4 6 8 9 29
9
16 18 20 22
16
8 9 30
18
2 9 11 19
25 29
27
3 12
20
25
7 10
6 30
21 22
7 12 22
18 21 24
1 4 11 26
17
2 26
8
1
8
1 17 23
26
7 10 16 17 25 27
21
7 17
10
7 10 24
13 19 24
19 27
5 14
28
3 22
19 25 28
1
11 12
1 15
30
3
7 9
23
28
23 24
5 29
8
6 15 17 19 20 30
17
20
16 20
3 4 16 27
3 7
18
25
8 21
18 22
9
3 9
26
17
24
14
18 19
11 22
8
6
4
8 24
8 16 25
7 19 25 30
19 27
7 18 21
