9 13 14
4 20
9 17 20
1 9 24 26 27
3 7
4
17 23
9 13 14
5 13 15 20 22 28 30
3 13
10 12 17 27 30
8 15 23
5 7 8 9 24
9 11 17
2 7
1 14 15 29
3 12 18 28
2 4 17 22
12 28
6 20 28
14 18 22
10 17
10 14 20
2 7 21 27 29
7 17 28 30
11 14 30
2 4 22 25 28 30
11 12 23
17 24
9
10 16 28
2 4 13 17 24 29
6 14 26
24
5 21
6 18
5 16 21 24 25 27
23 28
1 11 13
6 12 19 23 26
2 14
7 23 30
13 19 23 25
23 25
4 6
2 15 27
5 12
1 10 12 14
8 13
18 19 27
7 13 15
13
10 16 18
2 12 13 19 24
2 6
1 9 23 27
6 9 16 21 25
6 24
3 17 25
15 21
18 23
2 4 10 20
10 15 18 19
17 24
13 19
9 13
2 12 21 24
7 16
2 8 15 17 27
1
6 9 10 14 28
2 6
16 17
4 12 24
21 25 27
5 15
1 10 16 19 30
19
1 5 6 14 18 22
21 22
3 9 13 22 26
12 15 20
1 12 14 18 27
1 2 6 10 17 28
11 23
8 17
27
2 8 10 11 22
5 7 13 17
6 20
25 29
8 11 12 30
17 20 27 28
8 11 19 24
6 8 24 26 27 29
11 13 15 28
1 9 11 15
4 6 22 24
8 11
11 28
14 28
4 8 12 14
7 8 13
13 24
18 27 29
12 29
5 6 7 19 27 30
9
15 21
10 11 26
3
15
11 21 29 30
8 11 14 20
6 11 24 27
3 8 25
16 19
5 14 16 24
6 20 21
12 23
14 18
2 8 26
11 15 30
5 10 21
25 26
7 21 22 24 28
1 2 5 16 23 30
7 11 12 20
20 23 27
6 11 14 29 30
4 8 27
11 17
17 18 21 27 28
12 26
2 6 13 18 22 28
2 4 7 9 14 18 19 25
6 8 14 16
3 6 9 22
5 7 11
1 6 14 23
3 7 13 23 24 30
4 10 24 28
13 17 29
15 19 20
8 24
29
13 15 22 27 29
2 17
9 23 24
2 10 16 20
4 21
27
1 7 8 15
8 12 20 26
4 14 18
2 18 21 22
12 13 17
6 7 12
16 17
6
20 29
13 19
2 9 12 30
25 30
8 16
5 13
9
3 21 23 25
8 17 19 30
1 15 16 20 26
3 5 9 15
3 20
12 15
10 16 20 23
10 16 28
6 8 13 19 22
25 26
15 19 22 30
29
4 12 17 26 28
18 19
6 10 11 29
13 21
6 7 8 9 11 26
13 27
29
3 17 22 25
16 17 18 20
3 7 20 21
3 18 27
3 9 12 26
2 5 30
19 20 23
3 8 11 12 14 17 19 20
17 19 24
19 28
25
5 22
26
5 8 9 12 29
