2 6 11 18 24 27
7 8 16 19 27
6 8 9 10 13 14 21 25 26 30
5 6 7 9 11 14 15 17 19 21 23 24 25 26 28
4 7 21 22 23 27 28
6 10 11 12 13 15 16 17 18 19 26
2 8 11 12 13 14 15 19 20 23 24 26 28
3 8 10 11 13 15 16 18 19 22 27 28
2 3 4 5 7 8 10 14 18 20 21 22 23 24 25 27
1 10 12 14 21 24 27
1 2 5 8 13 15 18 19 20 22 25
1 2 4 10 11 12 16 21 26 29
4 5 13 20 22 23 25 27 29 30
2 9 11 13 14 18 19
1 2 4 7 12 18 21 24 25
4 5 14 18 20 22 24 27 29
2 5 6 8 10 13 16 18 20 23 25
5 7 9 13 15 20 21 22 23 25 28 29
4 5 6 7 8 13 15 20 24 25 26 27 29
6 7 8 11 17 18 24 28 30
2 9 10 11 14 19 21 26 28 29
2 6 7 9 11 12 13 16 17 21 22 24 26 27 28 29
1 5 14 15 24 30
1 3 8 9 12 13 14 16 17 19 24 29
1 4 5 7 14 15 16 17 18 19 23 28 29 30
2 3 10 23 25 29
3 4 6 7 16 18 25 27 28 29
7 13 17 18 19 20 21 24 27 29
2 5 8 11 18 23 26 29
1 4 13 14 15 16 18 26 29
1 5 6 8 11 12 13 14 22 23 25
1 3 6 10 14 15 28 30
2 3 7 10 11 17 20 25 26 28
12 15 18 19 20 22 23 26 30
1 3 5 7 8 11 15 16 18 23 26 27
1 3 4 7 8 10 12 14 19 20 24
4 7 8 9 11 12 14 17 22 23 24 25 27 28 30
2 3 4 5 6 10 11 12 13 17 21 23 25 29
1 2 4 8 12 13 17 18 20 23 24 25 27 28 29 30
1 2 3 7 8 15 17 18 24 28 29 30
2 7 8 10 12 14 16 17 22 24 25 26 27
1 5 6 10 11 12 13 16 18 19 21 30
9 10 12 15 16 18 20 21 22
3 5 9 15 16 18 19 24 27 29 30
2 5 6 7 12 15 20 22 25 27 29
1 5 6 10 11 16 17 18 22 24 29 30
4 9 13 15 16 17 19 21 22 23 24 27
1 6 8 9 11 12 21 24 25 26 27
4 8 11 13 14 20 21 23 25 27 30
1 2 4 8 9 12 14 16 17 20 22 27 29 30
7 12 14 17 18 21 22 23 29
4 5 12 14 20 22 24 27 28 30
1 7 8 9 12 13 15 16 18 24 28 29
1 4 8 14 15 20 21 24 27 30
3 5 9 20 21 27 29
4 7 8 14 20 25 29
2 4 5 6 8 11 12 16 22 23 25 26 28 29 30
1 6 7 8 14 17 18 22 23 24 25
3 10 14 15 18 21 24 26
3 6 8 9 10 13 15 18 20 26 29
2 3 12 14 16 18 20 22 27 28
1 4 7 9 15 16 24 27 28
4 5 6 7 11 12 13 14 16 18 21 27 28
3 5 9 13 14 15 16 18 21 22 29
1 4 6 8 10 11 12 13 16 20 21 22 24 26 27 30
1 2 6 12 15 19 23 28
1 3 9 11 15 17 23 24 25 26 27 30
1 4 6 7 9 12 14 16 18 21 28 30
4 9 12 13 21 24 25 26 28
2 4 12 15 19 20 22 23 24 25 27 28 30
3 6 7 8 9 13 17 20 21 24 27 28 29
1 5 6 7 12 16 23 24 28 29
1 6 10 13 15 16 18 19 23 26 27 28 30
2 7 11 13 17 18 19 27
1 2 4 5 11 15 17 18 19 20 24 26 28 29
4 6 11 12 15 21 23 24 27 28
3 4 6 7 13 15 18 19 21 22 26 28
3 9 15 17 25 27 29 30
2 3 4 6 10 18 20 25 29
10 12 13 15 16 18 22 25
1 2 4 7 11 12 13 16 17 19 23 29 30
5 6 10 16 17 18 19 20 28
1 3 6 10 11 14 15 16 22 23 25 26 28 30
3 9 10 11 12 13 16 17 18 22 26
2 6 7 8 10 11 12 14 16 19 25 27 30
1 2 4 5 7 9 14 16 19 20 21 22 23 26
1 4 8 9 10 12 13 14 15 17 20 23 25 27 28 29
4 5 9 17 19 22 25 28 29
2 5 6 9 11 19 22 25 26
2 6 7 8 13 17 20 26 27 28
3 5 7 10 13 16 17 20 21 22 23 24 26 29
2 3 4 9 10 11 12 15 17 22 24 27 30
6 18 24 25 26 28
3 12 14 16 20 23 24 25 28 29
4 6 9 10 12 13 17 18 21 23 24 26 29 30
1 2 7 8 10 19 21 22 23 24 25 26 29 30
3 4 6 7 15 17 21 27 28 29
1 2 10 11 12 14 16 17 18 19 20 29
2 4 7 10 15 16 19 20 21 26
1 3 4 5 7 9 10 11 13 17 20 22 24 25 26 29
1 2 3 8 12 16 17 21 23 25 27 28 29
3 4 6 8 18 21 22 23 30
1 2 3 4 5 7 8 12 14 15 16 19 21 23 27 29 30
2 3 4 8 10 12 16 19 25 28
1 3 4 5 7 8 9 11 19 22 27 29 30
3 4 6 8 12 15 17 18 20 24 27
3 4 5 8 9 10 11 15 16 19 22 24 25 26 29
7 11 17 18 22 23 24 28
3 5 6 7 9 10 14 15 16 17 22 23 24 26 27 30
1 4 5 9 11 12 13 14 16 17 26 27 28
1 5 8 9 12 13 15 16 22 29
1 4 5 7 8 10 11 13 14 15 16 17 21 23 25 26 27 30
1 3 5 6 8 9 14 22 23 25 26
1 5 6 9 12 14 18 20 28 29
3 8 19 22 25
1 3 4 7 9 18 21 24 30
3 4 5 8 9 13 17 18 21 23 24 27 28
2 5 11 12 13 15 16 21 22 23 24 26 30
4 6 8 9 14 17 19 23 24 27
1 3 4 12 13 14 16 24 28
4 5 9 11 21 23 24
1 2 4 6 7 10 11 12 15 23 24 26 28 29
6 7 8 9 19 20 24 28 29
1 3 4 5 6 7 9 11 13 17 18 20 22 24
2 6 7 10 11 13 14 15 27 30
1 3 5 7 10 12 16 21 25 28 29 30
5 6 10 12 15 16 21 28 30
2 5 6 10 15 17 19 21 22 23 26 28
1 3 4 6 10 13 21 23 25 28 29
5 8 11 13 22 23 24 25 26
2 3 4 5 8 12 14 15 18 20 21 22 23 24 25
1 4 10 11 12 13 22 23 25 26 27 28 29
3 5 8 9 10 19 21 27 30
2 4 7 8 9 10 17 22 26 27 30
1 5 12 16 23 26 29 30
4 5 7 11 13 14 16 18 20 21 22 24
6 16 17 22 24 27
1 5 10 11 12 19 24 26 27 28 30
2 5 9 10 14 19 21 25 26 27 30
3 5 12 15 17 19 22 24 26 27 29 30
1 3 4 6 7 11 12 14 16 20 24 26 30
2 4 5 6 7 8 9 11 12 15 17 18 22
3 4 13 15 16 25 26 29
2 3 9 14 16 25 26
1 2 8 15 17 18 22 23 26 28
3 4 6 9 11 12 20 23 25 29
1 2 4 9 11 12 15 17 18 19 24 25 26 29
1 2 3 16 19 21 22 23 26 29
3 9 10 13 14 17 24 25 26 27 29
1 2 4 6 10 11 13 14 15 18 19 26 29
1 4 10 11 12 13 14 20 23 26 27 28 29
1 5 6 8 10 12 15 17 19 22 23 24 27
6 7 8 11 15 18 24 27 30
4 6 7 8 13 16 20 21 22 25 30
2 4 6 7 10 13 19 27 29 30
4 11 14 15 17 20 21 24 25 26 30
7 9 14 22
2 4 8 11 24 25 28 30
12 14 16 21 22 23 27
4 6 13 15 16 20 22 26 28 29
7 9 15 16 19 22 24 26 27 28
8 9 10 11 12 24 28 30
10 11 16 21 24 26 28
1 2 5 7 8 12 13 14 18 19 25 26
3 4 5 7 8 9 20 25 30
1 2 6 8 9 12 13 15 18 22 23 26 27
2 5 6 9 11 12 17 20 21 25
1 2 7 8 11 15 20 23 27
1 3 5 9 12 14 17 24 26 27 30
1 3 4 5 7 8 9 13 16 22 24 25 26
2 4 6 7 8 10 11 14 20 21 24 25 26 29
1 6 7 8 12 14 15 17 21 24 28
3 4 5 6 8 13 15 26 28 29
3 4 5 8 10 14 20 22 25 29
1 3 7 9 11 13 14 17 25
5 8 9 11 12 13 15 19 24 27
3 16 18 25 29
1 2 3 5 7 14 17 19 24 28
1 2 3 6 8 9 14 18 21 22 24 25 30
1 3 4 8 10 13 14 15 19 20 22 25 26 29
1 3 8 10 15 18 22 23 24 26
3 5 6 7 8 15 19 22
2 3 4 6 8 10 11 14 16 20 22 26 29 30
4 5 7 8 9 10 11 16 19 25
2 6 11 12 15 17 18 27
3 6 9 13 14 15 20 21 23 24 25 27 28
2 20 21 26 27 28
10 11 14 15 17 21 22 24 25 30
3 12 13 22 24 27 28
3 5 6 7 8 14 17 19 21 22 28 29
4 5 10 11 12 13 15 19 21 22 23 27 30
2 3 7 12 14 19 21 23 24 25 26 28 29
6 9 10 15 19 22 23 25 28
3 20 23 25 30
6 8 9 10 11 14 15 16 19 21 23 26 29 30
2 6 10 11 12 14 16 17 19 29 30
8 9 11 12 14 16 18 22 23 27
9 12 16 17 19 20 22 23 25 26 27
3 8 15 16 18 19 22 23 25 27 28
12 15 16 20 21 22 23 26 28
