3 4 9 10 12 15 17 20
2 3 17 20
1 7 13 15 17
1 4 7 11 12 16 17 20
6 7 12 18
2 3 8 14 15 16
8 9 11 12 13 18
5 14 16
1 2 3 8 9 14 19
1 3 8 13 17 19
2 3 5 7 8 9 14 15
3 4 6 15 17
1 4 7 9 11 12
6 9 12 13 15 18
1 5 17 18 20
6 7 12 18
3 4 7 15
2 8 10 16
2 5 12 13 14 16 19
7 15
1 3 5 12 13
1 5 6 12 14 17 19 20
1 3 4 6 8 10 11 12 14 18
1 4 15 18 20
3 6 10 12 15
10 13
10 12 13 20
1 5 10 18
5 7 18
11 13 17
1 5 15 18
1 13 17
1 2 10 15
1 7 9 10
4 12 17 19
6 8 11
2 8 9 15 16 17
2 12 19
3 4 9 11 13 16
1 6 11 19
2 3 4 5 18 19
1 6 9
3 7 12 14
3 5 9 14 15 17 18
3 7 11 12 14 15 19
6 12 13 15
1 2 12 20
3 7
14 15
6 9 10 13 17
8 10 14 15 16 18
1 8 14 18 20
10 14 17
4 7 15
8 10 15 18
4 7 13 16
9 13 20
4 8 15
2 3 7 12 15 18 19
1 4 9
3 6 7 10 18
8 9 12 13
5 6 18 19 20
3 7 11 16 19
3 9 10 16 17 19
1 5 10 12 13 14 17 18 20
3 11 12 16
15 20
1 3 4 7 10 11 14
6 7 8 12 16
4 14 17 20
2 6 7 13 14 15
3 4 6 7 9 10 11 15 18 20
1 3 9 10 16 20
4 5 6 9 12 13 17
11 12 14 15 16
6 7 9 15 16
2 3 6
4 6 10 11 13 19
1 6 8 15 17 18
2 11
8 11
6 7 8 10 11 14 20
6 7 9 11 15
3 6 11 15 16 20
7 11 13 14 15
3 4 16
1 5 10 11 13 16 19
4 8 10 12 14 20
1 19
1 9 19
7 10 13
2 20
3 4 14
2 6 11 12 13 19
2 7 18 19 20
1 3 5 10 14 19 20
1 3 9 14 17 20
5 9 13 15
2 7 9 10 11 14 17
1 9 11 13 15 16 19
7 10
6 7 14 15 19 20
1 2 4 5 6 7 8 10 12
15 18 20
2 4 7 16 19
2 7 8 9 11 14
2 5 20
2 4 7 9 13 16 19
4 6 10 13 16
1 18 20
1 7 11 12 13 18
1 4 8 9
4 6 10 14 15 18
5 6 7 8 9 18
11 20
2 5 14 15
1 3 6 11 13
3 14
1 3 6 14
1 4 9 10 20
1 3 6 10 12 19
1 5 6
4 5 8 12
1 3 5 12 13 14
11 16 17 19
11 15 17 18
10 11 13 19
1 2 3 5 13 18 19
5 9 13 16 17 20
3 4 5 10 16 19
9 11 12 20
2 5 10
3 5 13 15 18
3 9 11 15
2 6 7 10 14 15 17 18
4 5 7 8 10 16 17
1 4 5 6 11 15 17
1 3 4 12 15 20
5 8 10
2
1 5 8 12 16
2 5 7 8 15
6 7 12 14 16 17
2 6 8 10
4 15 17
4 5 7 11 12 19
4 6 8 9 15 18
4 5 18 19 20
1 3 6 13 16 17
1 10 11 13 16
7 14
5 6 10 11 12 20
8 11 16 17
4 7 9 10 12 13 19
8 14 18
5 12 13
4 5 17 20
3 9 14 16 20
10 11 12 18
2
5 10 15 16
2 7 17 19
2 8 9 12 14 15 17
2 3 6 10 15 19
4 7 9 11 14 15 17 20
2 7 9 18
9 12 17
3 5 11 12 16 20
4 12
1 2 7 8 9 20
1 6 7 8 14 17
10 11 15 18
3 5 7 8 14 16
4 7 8 10 15 19
3 12 20
12 14 19
2 7
1 2 3 10 12 13 15
1 6 7 12 15
7 10 14 16 17 20
1 6 9 19
1 11 16 17
4 5 8 9 11 13 16 18 20
3 5 6 12 17 18 19 20
9 10 15 19
5 8 10
3 7 14 16 18
2 6 15 19
2 7 10 13 18
2 3 8 9 19
4 6 10 11 13
18 20
1 4 8 10 15 19
3 7 16 19
4 11 13 16 18 20
5 10 12 13 17 18 19 20
1 4 5 7 9
1 3 4 9 10 12 16 20
1 3 7 10 17 19
