2 4 7 8 9 16 17 18
1 4 5 6 7 14
10 11 12 17
3 4 5 13
5 6 9 10 13
2 10 18 19
6 8 10 15 17
2 5 7
1 10 15 20
1 6 8 10 11 12 13 15 17
1 6 10 17 20
5 8 12 18
1 4 6 9 11 13 14 16 20
1 2 4 5 6 13 19 20
3 9 10 20
4 7 8 10 12 17 18
1 2 4 8 11 12 17 18 20
1 3 5 6 9 15 20
2 4 5 11 16 17 19
6 9 10 11 12 17
5 8 10 12 15 18 20
6 7 11 19
5 10 15 16
4 5 7 9 14 16 19 20
2 4 7 8 9 14
5 8 11 14 15
4 20
4 7 8 10 14 17 18
6 7 9 11 14
3 4 5 7 20
1 2 3 7 8 11 20
1 7 10 11 18 19
1 3 5 7 11 19
2 5 6 7 9
3 8 10 11 13 14 16 18
1 3 6 7 8 9 10 12 13 17 19
1 5 8 9 12 13 20
2 3 13 18 19
8 18
1 2 4 7 8 16 20
1 3 4 7 9 11 12 13 14 17
5 6 10 13 14 16 20
1 2 6 15 16 19
1 2 3 11 13 19
5 12 13
1 9 10
5 8 12 13 16
1 8 11 18
2 7 14
5 6
3 7 10 14 19
3 4 5 7 12 13 14 16
4 8 10 11 18 19
8 14 17 20
4 6 13 19
2 9 14 15
3 5 10 11 13 17
4 12 19
2 4 5 7 8 10 18 20
3 4 11 13 15 16
2 5 6 9 10 12 15 18 20
2 7 12 13 16
8 18
6 7 8 10 12 15 19
2 3 4 7 8 10 14 20
2 5 7 8 9 14 19
3 4 7 10
1 4 5 8 12 13 17 18 20
3 4 9 11 15 16 18
8 14 15 16 17
2 9 14 15 20
3 5 6 14 15 18 19
3 7 9 10 13 17
1 7 10 14 17 18
1 3 4 9 11 12 13
4 5 7 12 14
2 4 7 8 9 11 13 15 18
3 5 6 8 9 13 15 18 19 20
3 5 10 11 13 19 20
1 8 10 12 13
3 6 14 20
5 13
1 7 9 10 11 14 16
6 8 12 14 20
3 5 11 16
5 7 11 19
5
2 6 8 9 15
1 5 6 11 12 14 17
4 8 9 13 18 19
3 5 7 12 14 15 17 20
6 8 10 17
3 4 20
7 18
2 4 7 10 12
6 9 11 18
1 5 7 8 11 15 17 19 20
1 7 11 13 14 15 16 17 20
1 2 5 8 12 20
1 3 5 6 7 17 18 20
4 11 14 17 20
4 6 9 10 11 12 14 15 16 20
1 3
10 11 13 14 19
10 11 14 19
4 7 8 12 13 15 16 19
3 8 10 13 16 17 18 19
7 10 20
15 16 17 19 20
1 9 15 17 19
6 7 12 13 20
1 3 6 7 12 18
4 5 7 9 11 13 17 18
3 4 10 11 12 16 17 18 20
5 9 10 11 13
1 6 7 9 11 12 16
2 8 9 14 16 17 18 19 20
1 6 8 9 16 17
4 7 9 12 13 14 20
1 5 12 16 18 20
1 7 8 10 11 15 16
2 20
3 4 11 15 18
9 12 17
5 11 16 17
3 8 13
1 3 5 7 9 10 12 18 19
2 10 20
6 11 12 18
4 8 10 12 13 15 17
5 13 16
6 9 12 15 19 20
2 6 8 10 11 12
1 2 4 10 17
1 3 6 8 9 11 12 15
4 5 7 9 10 12 13 14 20
6 11 12 18
2 3 16
2 7 8 14 16 17
3 10 16 19
6 7 9 11 13 15 17 20
1 2 3 4 7 14 17 19
2 12 18
2 5 6 7 11 13 15 17 19
1 15 16 17 20
1 14 15 20
1 3 7 12 17 18
2 14 16 17
1 3 5 9 20
4 6 8 11 12 14 18 19
2 4 9 16
5 9 13 15 16 17 18 19
7 14
6 7 15 17
5 6 7 8 10 15 17
1 7 8 9 12 13 15 20
17 19 20
3 8 9 15
2 4 6 13 14 15 16 18
3 10 14 18
9 15 17 18
3 7 10 12 13 15
3 4 6 7 9 13 18
2 11 12 18 19
1 3 4 5 8 13 14 17
1 2 3 5 8 10 11
1 5 11
1 5 6 7 9 12 20
1 6 9 10 14 15 18
8 12 14 15 20
1 3 4 11 17 18 19
1 2 3 4 10 14 16 17 20
4 8 9 12
7 8 9 15
2 3 4 5 6 8 9 19
2 4 5 6 9 10 11 15 17 20
2 11 14
1 6 8 13 14 19
5 6 9 10 14 15 17 18
1 5 6 12 13 18 20
2 3 4 8 13 14 16 17 18
3 5 6 7 8 10 17 18
1 3 6 8 10 11 16 18
3 11 15 19
5 7 9 11 19
2 10 12 13
4 9 11 12 17 19
8 11 15
2 8 10 13 15 18
1 4 5 8 9 11 14 16
4 8 12 13 15
2 3 9 10 11 15 16
1 6 7 10
1 3 4 9 12 18 20
2 10 12 17 19
1 5 8 12 13 17 18 19
3 7 18 19 20
2 5 8 10 17 18 20
1 3 5 11 17 19
3 5 8 9 11 13 15 16 18 19
