3 10
6 7 20
2 8 9 10
9 11 20
5 10
1 13 16
3 10 14
14 18 20
3 10
8 12 19
8 9 12 16
2 4 5 10 11 14 19
2 6 7 18
14 19
15
1 2 4 6 8 12 20
8 16
16 17 18
2 15
2 7 11 18 19
2 15 20
9 13 17 18
4 5 17
1 8 10 15
1 6 7 18
3 14 15 20
4 8 13 14 16
4 17 19
1 6 9 18
3 10
14
3 9 13
7 20
1 7 9 13 16
3 11 17 19
5 6 11
8 11 16 19
4 17 20
1 5 10 14
6 11 15
6 10 11 18 20
1 4 6 12 17 18
12 17
3 8 10 11 16 17
13
1 4 6 15
1 7 8 18 20
6 7
2 7 8 11 17
12 16 19
2 9 14 19
18 20
1 2 4 11
1 5 19
4 7 8
6 7 8 17
3 8 17
6 7 9 14 15 16
17
5 11 19
4 7 13
1 9 13 18 20
9 14
11 16
11 14 18 19 20
11 13 17
2 5 14 18
7 8 11 16 17 18
1 9 10 12 17
1 20
11
10 11
4 7 8 19
1 2 4 6 8 11 15 17
2 3 5 6 9 17 18 19
11 15 16
18
11 13 15 16
9
9 12 15
4 15
5
10 14 16 18
7 10 17
12 15
4 7 10 12 14 20
1 6 16 18
2 3 7 11 16
2 6 7 11
6 7 17 20
5 7 13 17
13
9 15
2 12 16 18
1 9 15 16 20
4
6 14
4
8
2 3 6 9 10 18
4 5
4 5 9 14
3 13 14 18
1 8 13 20
2
6 7 8 9 19
7 12 17
10 19
3 7 11 13 14 19
2 4 10 12 20
3 8 14 16 18
6 13 17
7 16 17 18
1 4 12
15 18
9 11 12 19
9 12 15 19
1 8 19
2 7 12
1 5 8 11 16
5 13 16
4
5 12 13 19
3 4 12
3 7 11
3 6 16 18
5 6 18
6 13
2 8 10 14
2 8 12 16
1 4 8 14
9 15
2 4 7 15
1 3 4 6 9 15 20
6 7 16
6 9 10 14
11
1 3 18
4 6 7 9 17
8 9 11 17
1 2 4 5 11 17
4 11 18
1 9 17 18 20
1 9 15 16 19
11
2 6 11 20
6 7 11 17
7 11 15 16 20
18
11
1 8 12 17
4
5 10 12 13
6 14
12 14 19
1 3 4 5 9 10 11 16 19
20
3 5 11
6 7 9 11
1 5 11
9 13
6 12 13
10 11 13 18
12 13
9 11 12 18
2 4 8 15
7 16 17 20
18
3 7 8 16 18 19
1 2 17
8
2 6
15
2 8
15 16 19
5 9 16
11 13
10 18
1 2 4 8 17 18
3 13 19
5 12 14 17
9 14 16 19 20
6 19
2 14
18
9 16
2 8
3 6 11 14
15
12 13 17 19
12 17
1 2 4 12 19
10 14
1 2 7 10
15 20
12 13 19
5
1 2 4 7 12 18
11 16 17 18
3 7 8 10 13
