2 13
8 13 15 16 18
13
3
11 17
6 13 14 18 19
8 20
11 12 17
4 17
5 18
1 4 6 8 15
3 18
3 7 12 20
5 6 8 9
3 12 18
12 16
5
8 18
2 16
4 16
8 15
19
19
7 12 17
2 9 15
11
16
1 16
6 11
19
16
11
6 15 19
2 12 13 17 18 19
6 10 19
12
2 7 8
1
8 15
6 8
1 16 18
7
1 15 16 17 18
1 15 18
4 7 17
6 20
3 10
7
4 13
6
13 18 20
1 5 11 16
1 4 8 17 20
8 16
5 13 14 15
14 15 18
2 17
2 6 7
14 15 16 20
7 12
8 11
2 18
20
5 18
3 15 18 20
6 8
16
9
15
8 14
8 9 14
5 17 19
1
3
1 9 17 19
14
1 2 8
2
2 3
8
14 18 20
17
4 8
1 9
3 5 12 13 14
3 6
14
14 17
5 11 14
10
2 8 9 17
1 7 10 17 19
16
20
9 18 19
9
1 4 12 14 20
20
2 10
4 9
5 18
11 13 18
1 6 12 14 18
6 14 15
2 7 10 13 16 20
1 15
2 20
3 8 17
5 9 17
2 11 12
2 4
2 7
3 8 19
8 13 15
16
12 13 17
3 16
6 13 16
7 8 11 12 14
11
10 13
5 17
5 19
6 10
13 20
10
6 8 12 17
5 9 16 20
8 10
1 5 20
13
15
5 12
6 12
11 15 19
5 14 16
4 16
4 10 11 15
9 10 11
6
13
4 18
5 15
2 9 16
7 13
18
12
5 6 9 14 17
6 14
11 18
19
13 19
1 3 6
1 8 20
12
5 7
3 7 15 19
2 9 14
5 17
12 16
4 6 8
4 10 12
8 15 18 19
10 18
2 13
9 20
6 8 19
6 7
1 9 11
2 11
16 18
11
5 8 9
8
6 12 20
7 15
2 6 7 17
6 16
7 9 17
1 2 9
4 6 7 10 11 12
6 12 16 20
1 8 19
3 14 15 19
1 2 12
1 3 9 14
7 10 15 16
14 15 17
2
2
15
11
11 12 20
19 20
14
13 18
9
5
2
8 15
