6
5 16 19
11
14
11 15 20
11 12 20
4 12
7
11 19
11 12 20
9 11
4 11
3
19
2 19
9
7
8
13 18
7 11 12
16
8
10 15
9 19
2 7
5
9
11 13
4
14
9 15
3 8 15
4
7
2 8
2
13 14
13
4 14 17
8
10
18
11 13
4 10
3 13
18
5
2
15
4 8 12
8
15
11 15
19
15 17
1
7 8
6
9 15
5
3
2
7 13
1 10 15
20
17
12
7 16
8 11 14
2
7
12
13 16
17
13
8 10 16 17
19
13 14
10 12 14
13 19
6
15
11 14 20
1 12
14 18
10
5 18
7 10 16
8
18
6
20
19
10 18
2
3
13 16
8 16 19 20
18
18
7
4 12
1
6
2 7 12
12
13
3
6 12
17
9
8 12
18
2 12 14
11
16
2 20
18
20
2 12 17
17
7 10
12
20
8 13 17
3 5
2
9
17
15
4 12 16
15
16
11 20
20
7 15
9 19 20
2
3 6
19
6
2 15
17 18
13
14
19
1 10
17
15
2
16
6 9 20
11
17
9
6
1 6 20
6
3
17
8 18
10
12
3 13 17
4 7
1
11 18 20
17
4 7 9 17
3 9
18
5
12
9
7
1 2 10
1 6
8 16
4 10
4
18
1 20
13
11
17
8 17 19
4 14
6 9 13
20
6 15
11 17
13
16
4 16
2 12 19
10 13
12 19
17
16 19
15
