3 8 11 19 20
2 5 9 14
2 6 8
4 6 14 16 20
1 3 5 8 15 16
10 14 16
2 13 15 16
1 3 5 8 14 18
5 8 11 17
3 7 10 14 20
10 15
5 7 13 15 16 20
1 2 3 5 11 15 18
10 18
7 12 16 18
2 6 8 9 10 11 13 16
4 7 14 15 16 17
10
6 14 19
3 13 18
1 2 6 13 17 19
2 15 18
2 7 14 16 17
1 2 6 9 11 15
6 10 14 16
6 14
4 8 13
10 20
3 6 9
2 4 5 6 8 14
3 7 10 11 18
1 2 4 9 10 17 18 19 20
1 11
7 12 13 14 16 20
3 7 15 19
2 5 12 17 18 19 20
9 12
7 9 18
3 4 6 10 11 17
5 14 18 19
5 8 12 13 15 20
5 9 15 17
1 8 11 20
11 12 13 16
2 7 11 12 14
1 5 7 9 11
10 18
1 8 13 19 20
2 16 17 18
11 16 20
6 9 14 19
5 10 14 17
7 8 17
4 5 6 18
14 15
3 8
2 4 6 12 19
1 7 13 18 20
2 3 4 11 19
2 6 10
1 7 15 18
9 16 17 19
5 11 19 20
1 3 4 11 15
2 5 8 13 14 17
2 13 20
8
6 8 9 10 11 16 20
2 4 7 13 14 17
3 7 9 12 13 15 16
1 11
13
6 8
5 10 13 16
3 12 14 15 20
2 4 6 17
4 8 9 14
4 17 20
2 4 7 9 16 17
6 8 10 15 17 18 20
4 8
5 6 8 10 15 16 19
5 9 14 16 19
7 9 10 12 14 20
5 13 15 18 20
5 11 13 17
1 8 9 20
1 18
3 7 8 14 16
2 12 17 18
3 8 10 19
3 5 7 8 11 18 20
5 6 10 11 17 18 19
5 8 15 16 19 20
8 18 20
2 4 14 17
8 14 17 20
1 2 12
5 6 9 17
1 6 11 14 16 20
1 2 4 6 9 10 20
1 6 13 19
2 4 6 9 10 11 12
5 6 8 16 17
12 14 15 19
3 8 13 16 18 20
6 12 13 15
2 11 17
2 4 10 14 15 19
4 8 13 15 18
9 11 15 16 20
1 10 16 19
8 11 14 17
6 8 15 18 19
3 8 16 17 18 20
19
3 4 16 20
15 17 18
1 2 3 5 18
10 12 17 18
1 4 13 15 20
13 14 16
1 3 5 11 15 17
3 8 9 10 15 16
14 15
1 2 3 18
3 4 6 13 18
1 4 15 16
1 3 18
3 9 15 16 19
6 10 14 19
2 4 11 14
1 6 9 10 16 17
11 17 19
4 10 13 16 17
1 12 18 19 20
9 12 13 15 17
6 7 10 13 16 20
6 9 11 12 19
5 14
2 5 12 18
11 15
2 7 13 19 20
2 9
5 6 7 15
3 5 8 9 12
2 8 9 13 20
2 3 13 20
1 3 5 6 13 18
3 4 5 7 14 16 19
1 2 15 18
1 3 5 11 19 20
1 4 5 7 10 16 17 20
1 10
8 12 16
2 9 11 17
7 8 9 12
13 16 19 20
5 19
1 2
6 9 10
1 2 6 14 17
1 12 14 17 18 19
2 4 8 14 17 18
3 12 16
11 13 16 19 20
8 13 19
2 8 11 18
1 2 3 4 8 18 20
6 8 12 16
11 12 14 16
16 18 20
1 12 14 19
5 7 13 20
7 18
5 7 8 11 12 19
6 12 19
1 3 5 8 11
6 10 12
7 10 20
5 9 11 13 17
4 19
1 7 8 17 18
1 7 10 12 14 20
1 5 19
10 14
4 7 11
4
1 6 16
5 13 17 18 19
4 9 16
8 10 12
8 9 12 13 19
1 4 6 7 13 16 20
6 9 14 18 19
6 7 8 10 18
12
3 4 8 10 20
4 15
3 7 16
