1 5 8
10 14 17
5 15 18
8 9 11 14 17 20
1 3 8 9 10
1 6 8 12
1 5 7 15 18 20
7 18
10 15
5 16 17 18 20
4 13 15 20
1 12 15
2 7 8 9 13 15 17 18
2 8 10 11 14 20
19
9 15
1 3 5 12 15 16 17
14 18
3 4 6 10 15
2 17
3 11 16
5 9 12 14 15 18
7 8
3 7 8 11 12 16 19
3 5 6 8 9 19 20
2 11 12 18
5 13 15 18 19 20
2 5 7 10 13 19
5 6 7 9 10 13 16
1 8 9
1 2 3 9 10
3 6 15 16 19
14 17 20
2 11 19
1 4 19
1 2 8 9 12 13 20
5 11 13 15 20
1 9 10 17
9 13 16 19 20
7 9 13 14 18
1 2 7 12 14
4 6 11 16 19
3 7 18
5 12
13 15 19 20
1 18 19
4 10 18
1 5 7 8 9 10 13 15 16 17
10 16
4 5 7 11
6 7 15 16 18
1 4 9 16
1 6 15 17
5 11 15 16 19
3 15 19
2 6 9 10 14 18
5 7 16
2 4 8 13 18
13 14 19 20
4 7 9 10 12 15
16
1 2 5 12 17
1 13 14 17
3 5 6 7 8 16 18
1 5 7 14 17 18
3 5 11 13 14 18
17
2 5 14 19
4 9 16 18 19
5 12 13 14 20
5 8 11 13 19
3 16
5 7 11
1 2 7 13 14 15 18
2 3 8 11 13
3 5 11 18
3 8 10
6 8 12 16
1 20
2 7 16 20
1 7 12
2 11 18
5 6 11 15
12 19
3 5 10 20
2 3 4 11 12 15 19 20
2 5 8 13 14 20
5 7 11 12
18
2 6 7 9 11 12
9 13
2 19 20
5 12 14 20
4 6 10 11
1 13 15
2 5 9 14 18
10 14 20
3 10 14
4 6 10
2 3 8 9
1 7 12
18 19
5 11 18 20
1 4 10 11 15 16
4 5
6
3 7 13
3 7 10 11 17
1 2 4 9 18 20
3 5 6 8 19
4 13 20
1 6 9 12
11 14 15
8 10 17 19
2 4 11 16
1 3 6 12 15
7 11 14 17 18
4 6 12 13 14 16
1 2 9 11 15
3 12 16 19
9 14 20
7
8 19 20
2 9 12
5 16
1
3 5 11 12 15 16 19
2 3 14
14 15 18
9 12
2 3 19
2 5 13
2 11 18 20
1 4 5 8 14
6 14 16
8 12 20
8 11 19
1 3 8 9 13
5 6 7 13 15 17 20
1 3 9 10 17 19
6 9
5 9 12 14
9 10 12 16
2 3 4 5 6 13 19
1 11 14 15 16
9 10 17
5 6 9 14 19
9 15 18
2 10 12 14 17
3 5 9 13 15 16 17
20
10 18
11 15 17
2 6 11 12 13 15 17 18
8 12 14
1 4 10 17 18
9 15 16 19 20
6 10 13 19
7 9 10 11 12 18 19 20
3 9 19
7 12 17
3 9 10 11 13 17
5 10 12 19 20
1 6 7 9
1 2 3 7 17
7 12 14
3 4 5 7 12 16
4 8
1 6 13 14 18
3 5 7 10 13 20
2 3 4 7 11 12 13 16
1 5 8 17
2 6 9 13
2 19
5 10 17 19
3 4 6 12 13
5 7 11 12 14 15
7 11 12 13 20
9 12 13 19 20
9 14
9 15 17 19
3 5 6 8 12 17
6 11 18 19
4 11 15 19
1 15
5 6 11 13 14 18 20
19 20
1 4 5 8 15
3 13 17
7
7 12 13 14 15 16 20
6 9 15 19 20
1 3 4 8 18
3 4 10 16
2 9 11 18 19
4 5 6 7 9 12 20
2 9 11 14 16
2 5 10 12 20
2 4 8 9 11 13 16 18
2 3 14 15
