2 4 6 10 20
1 2 12
11 13 19
2 8
5
11
1 6 7 9 10 17
20
12 15 18
12
6 18
1 3 18
3 11 16 17 20
10 13 18
4 15 18 20
2 8 13
3 13 15 16
10
2 7 12 13 16
1 2 5 7 8
6 7
4 8 13 15
7 11 13 15 16
2 13 15
3
2 18
1 2 3 5
10 16 20
13
12
7 8 9
13 20
12 17 20
2 4
7 9 10 12 13 16
8 16
13
12 14
1 10 20
1
4 8 11
5 14
3 4 10 11 15
8 10 14 16 18
2 16
18
15
18 19
1 2 3 5
1 7 14 16 18
4 7 17
8
1 7 9 16 17 20
3 8 10 11 14 18
10 15
5 18
5 11 16 17
2 5 6 8 12 18
3 16 17
9 10 11
7 8
8 10 12 13
10 18
3 11 13
1 11 14 18
6 13 16
6 18
11 13
2 10
2 4 13
12 20
13
14 20
1 3 15 17
5 9
6 16 18
3 5 8 9 19
12 14 17
2 7 12
3 9 15 19 20
2 10 11
1
2 9 16 19
12
1
10 11 18
6 8
2 3 16 19
9
12 13
4 5 15
4 6 7 11 14 16 17
3 5 8 19
4 7 8 13
2 4 11 14
3 4 12 14
3 6 12 20
10 20
2 4 6 17
6 14
4
2 3 4 9 11 12 15
6 20
5 19
4 10 14
1 4 8 9 14 17 19 20
5 7 8
8 20
17
19 20
2 3 6 10 20
2 9 11 19
1 9 11 12 14 20
3 16
3 6 16
11 20
1 18
1 3 6 8 15
6 7 12 15 19
3 18 19 20
16
11 15 17
1 17
1 12 18 20
7
6 8 12 16
9 14 19
9 10 11
2 3 6 7 15
7
8 17 20
2 9 19
10 15 17 19
4 7 9 16 17 20
16 20
3 4 11 15
1
1 5 14 16 19
9 10 15
3 6 11 12
3 5 9 10 16
10 13 19
6 10 14 18 20
6 7 17
1 3 4 6 11 12
14 15
5 14 15 17 18
20
7 16 18
2 3
10
5 9 11
11 13 16 18
3 4 6 8 17
2 9 13 20
1 2 4 7 15
3 8 17
2 4 5 6 10 11 19
8 14 19
2 5 12 14
8
13
9 14 15 18 19 20
1 4 11
2 9 17 20
5 8 9 13
5 6 14 15 19 20
7 14
2 10
4 9 13 16 18
2 3 5 8 10 17 20
6 12 16
3 4 5 7 9 13 14 16 17
4 18
2 11 14
2 5 15
1 4 8 12
1 2 3 5
2 8 18
3 4 7 13
15
2
15 19
3 5 9
7 10
1 16
3 6 13
2 3 5 16
6 17
2 12 18 19
1 4 6 8 13
3 11 12 18
1 10 11 19
1 5 12 14
7 17
2 11 15 16
20
1 4 5 11 17
13 15
1 5 8 14 17
