16
2
6 16 17
1
4 8
13
7
10
6
7 18
12 13 14 15
4
7 11
9
3 8
8
20
6
9
16
11 17
9
7 16
12
6
18
13
9
9 10
18
6
6
2
10
4 7 18 19
8
8
2 4 13 19
5 16
13 14
4 7 8 18
10 12
1 3
4
5 7 20
17 18
16
6 15 17
10
3 13
7
1
18
12
8 9
15
3
5 6 14
3 12
3 19
1
8
4
7
10
19
11 15 20
2 19
4
1 11
8 17
4
5
15
9 12
16
4
10
3 15
11
2
10 19
12
20
6 7 14
9
13 14
2 4
14
7
15
15
3
8
1 5
10
13 19
14
17
19
2 8
9 14
9 20
17
1 6
5 7 16
2
10
16
7
3
4
8
13
1 3 13
8 9
1 2 3 10
17
13 18
8 9 17
2 6 12
10 14
1
13
10
8 16
3 15
11 12
16
1 18
9 10
5
3
17
1 20
16
12
5
5
3
3 9 11
14
10 19
4
12 16
15 18
7
17
14
3
18
3
4 5
16
5 9
4
20
4 10 17
4
2 3 7 12
15 19
2
2 13
20
2 7 11
10
12 18
15
3
1
1 4
11
9
3 9
14
2
7
6
6
16 19
11 18 19
7
1
16
3 7 8
2
2 11
10
18
8 16
12
5 12 20
8
19
11 12 19
6
1
11 17
4
18
