4 7 13 18
2 5 9
3 8 9 13
3 10 11 13 14 16 18
3 8 10 11 12 14 16 18 19 20
2 4 15
2 3 5 13 15 17 19 20
13 18
10 13 14 15 16 17 18
11 15 16
15 18
3 11 13 17 19
4 12 15
1 3 5 6 10 12 13 14 16 17 18 20
10 13
2 7 10 13 15 16 20
6 9 12 18
4 8 15 18 20
1 7 9
2 13 14
2 8 11 12 18
7 9 13 14 18
2 3 10 15 16 18
1 2 3 4 11 12 14 20
3 4 6
6 7 15 16 17 18
9 15
7 12 14 15
2 3 4 5 9 12 18
2 3 12
3 11 14 16
5 6 7 9 10 13 14 16
4 7 12 17
5 7 11 16
3 5 6 9 10 11 20
2 4 7 9 12 14 15 17 18 19
1 4 6 17 19
7 8 10 16
1 9 12 17
3 9 10
7 14 15
2 8 16
3 8 10 12 13 14
5 6 8 14
11 17 20
1 3 14 19
1 2 3 6 8 10 12 14 19
7 9 12
6 7
3 6 7 8 13 15 18
4 11 15 16 17 19
1 4 6 7 17 18 20
5 8 13 15 20
6 10 11 20
3 9 15
6 9 12
8 11 12 16
3 4 9 11 12 16
2 4 5 6 13 16 18 20
3 4 6 13 16 19
2 6 10 13
10 18
1 5 8 10 11 15 16 18 19
11 13 19
3 14 16
2 3 6 7 15
3 5 6 7 12
5 7 9 11 14 17 18 20
3 12 14 16 19
3 5 8 14
3 13 14 16
6 10 19
4 9 13 14
6 11 12 16 20
3 4 5 12 14 19 20
2 4 9 16 19
2 3 6 10 11 13 17
5 6 7 8 13
2 4 6 8 15 19
1 4 9 16 17
2 6 7 10 11 14 17 18
7 12
4 7 8 9 11 12 13 16 20
2 5 6 8 9 10 11 13 14 20
2 3 7 12
10 13
3 9 11 12 16 20
1 5 12 13
5 9 16 17 18 20
1 6 7 9 10 14 15 18
2 4 5 6 15 16 17 18
1 8 18
4 7 9 12 15 17 18
1
2 6 8 11 14 15 16 18
3 6 13 20
1 3 6 8 10 13 19
3 4 6 8 13 14 17
4 6 7 9 14 18 20
1 2 3 6 8 18 20
1 2 5 9 12 13 14 16 18 20
6 10 16 18 19
2 5 6 15 17
1 8 9 10 14 15
1 3 7 18 19
2 5 12 17 18
3 13 15 19
9 10 17 19
2 4 11 12 13 16 18 19 20
3 11 12 17 20
6 9
2 4 7 8 14 15
3
5 10 12 17
2 9 18 20
1 12 17 20
7 9 12 13 15
2 3 4 5 12 13 17 18
4 13 17 18 19
5 10 16 20
4 9 12 14 17 18
2 18 19
6 7 8 12 14
1 2 5 6 7 19
2 7 11 17 19
3 4 9 17
1 2 6 7 16 19 20
1 2 6 16 19
8 12 18
7 11 15
4 7 12 13 16
5 13 16
3 8 11
1 2 4 9 15 16
9 16 20
11 18 20
1 2 6 15
14 17 18 20
4 8 20
2 5 6 7 10
4 6 11 14 16 20
1 3 5 6 8 9 10 14 17
3 4 11 18
2 10 17 19 20
3 5 10 14
8 9 17 18 19
2 7 12 15 17 20
4 5 12 14 17 18
7 10 12 15 18
5 18 20
1 4 7 10 12 14 15 18
2 3 11 16 19
8 9 10 12 20
3 7 11 16 20
3 8 12 15 17 20
11 14 17 19
1 6 9 15 16 19
2 11 12 13
1 4 14 17
15 16
1 2 9 15 20
6 7 12 16 17 19
1 2 3 4 6 9 14 17 20
5 13 15
7 9 13 15 17
2 4 7 9 11 17 19
4 9 19
2 6 7 11
3 4 7 13 18
5 7 15
1 9 15 19 20
5 10 14
3 9 11 14 16
1 5 8 10 13 18
1 5 6 11 13 14 17
4 11 13 14 15 17 19 20
9 13
1 3 4 14 17 18 19
2 7 9
5 6 7 8 17 18
6 15 16
3 4 6 16
1 4 7 8 10 18
2 3 4 9 11 15 16
1 6 13 19
2 7 14 16 17
2 4 5 6 10 11 19 20
2 3 4 5 6 7 9 14 18
14
1 4 7 16 18
2 3 4 7 8 10 18
6 11
1 2 4 11 14
3 13
4 16 17
4 14 15
2 6 10 11 16
2 9 11 15 18
3 4 16
14 16 18
