3 11
6 12 14 20
12
6 8 12
5 6 9
14
3 8 10
1 6 17
11
13
3 6 17
2 7 10 11 14
7 10
14
6
1 20
4 6
5 14 20
6 8
9
4 5 10
2 3 9 16
6 7 17
1 16
9 12
7 10 11
13 14
2 20
6 10 14 16
16
1
3 10 11
7 8
2 8 13
10 12
4
9 13
16
2 4 9 14
1 9
1 10 13
5 9
10
1 17
10 18 19
4 5 14 20
4 16 17
12 18
13 16
9 10
2 3
2
4
3 4
6 12 16 20
2 9
4 12 15
8 11 13 16
1 2
8
5
3 12
2 10 18
1 5
5
10 11 14
6
1 4
3
3 5 12
5
6 9
3 7
9 12 18
11 18
6 11
1 2 12 16 17 19
6
9
8 15
10 16 19
2 5
12
16
10 18
8
4 6 14 20
2 15
1 7
17 19
7 9
13
5 7 13 19
4 6 7 9
2 16
6 17 18 19 20
8 17
2
4
3 10
3 4
4 20
16
6 8
3 13 18
1 7 11 20
12 14
8
14 17
2 9
1 4 5 10 11 20
13 17
12
7 15
4
3 6 14
5
4 11 16
3 9 14
4 13 18
3
19
17
13 14 17
5 8 11
2 11 14 20
11 18
9 19
10
14 17
13
7 16 17
1 7 14
13
6 8 20
10 12 15 19
6 16
7 15 17
3 12
11 18
2 9 14
4 8
2 15 17
15
6 11 13
11 12
2
3 5 16
4
1 18 19 20
1 4 19 20
1 8 10
5
1 7 15 16
17 18
3 10
2
4 17
8 10 17 19
3 13 15 17
8 18
3 11 13 20
1 2 10 11 14
4
5
18
4 9
4 19
3 16
3 6
2 18
2 8
14
9 15 18
8 11 15 19
17
8 17
19
11 13 15 20
3 9 19
3
4 14 20
13 18
8 9
14
8
5 6
1
1 16
8 16
16
16
11 19
1 9
12 19
11 12
10 17
7
16
6 14 16 19
