5 6 7 9 10 14 17 19
1 2 4 7 13 14 19
1 2 8 11 12 13 15 17 20
2 3 5 6 8 9 10 12 13 19
6 8 11 12 19
1 2 3 7 8 10 11 13 15 16 17 18 19
3 4 6 8 9 13 14 17
1 3 7 8 15 17 18
2 5 7 9 11 14 17 18
8 11 13 14 19
2 6 11 14 15 17
1 2 3 4 5 8 11 17 19
4 6 9 10 11 12 13 14 17 19 20
2 3 4 8 9 11 17 18
1 4 5 9 14 17
1 9 10 11 18 19
2 8 12 14 16 19
5 9 14 15 18 19
3 4 5 7 12 17
1 2 13 14 16 17 18 20
1 3 7 8 9 14 16 17 19 20
1 2 10 12
1 2 5 6 10 11 13 14 15 18 20
1 3 4 10 11 13 15 20
1 2 4 6 12 13 14 15 16 17
2 10 15 16 20
6 11 14 17 19
1 3 6 7 10 13 14
2 3 6 7 9 10 12 14
1 2 3 12 20
4 5 6 8 9 14 17 20
1 2 3 8 10 11 13 14 15 17 18
1 3 4 5 8 9 10 11 15 16 20
1 2 8 10 18 20
8 9 10 11 14 15 16 17 18
3 7 9 11 15 18 19
1 3 7 8 11 14 15 16 17 18
2 6 9 10 19
1 4 6 7 8 9 11 18 19
2 3 5 6 9 10 13 16 17 18
2 3 7 11 12 14 20
1 4 5 6 10 14 15 18 19
3 5 6 10 11 14 16 18 19
1 2 6 10 11 18
3 4 7 8 17 19 20
2 6 9 10 11 14 16 18
2 6 9 13 17 18
2 6 7 16 17 18 20
9 10 12 13 14 16
2 4 5 13 15 18 20
1 2 3 4 8 9 14 15 18
3 5 7 10 14 19
9 10 11 13 18 19 20
3 7 8 9 10 12 13 19
2 12
5 6 8 11 12 13 19
2 7 8 10 15 16 17 19 20
1 2 3 4 6 8 10 12 19
2 7 12 14 20
1 2 3 4 5 6 8 9 12 15 17
2 5 7 11 15 16 17
2 10 14 15 16 19
2 3 4 6 8 11 13 18 20
4 5 7 10 12 13 16 17
1 2 3 5 7 11 12 14 15 16 17 19
1 2 5 7 8 9 14 15 18 19
3 4 5 9 10 14 17 18
3 5 9 10 11 14 16 19
5 7 8 9 12 13 14 17 20
5 12 14 16
6 7 10 12 13 17
2 3 4 8 17
2 3 6 7 9 10 12 13 17 19 20
1 2 4 9 10 13 16 17 18
1 4 8 10 18 20
2 5 7 8 9 10 11 13 16 17
1 3 5 11 12 14 15 19 20
1 2 3 6 7 8 11 12 15 16 17 18
1 3 5 6 7 8 9 10 13 14 15 17 19
1 2 3 4 6 8 9 10 12 17
5 9 11 12 15 16 17 19 20
1 2 4 6 12 13 14 15 17 18
7 8 9 16 19
6 7 8 11 13 14 16 17 18
3 4 6 9 13 15 18 19
5 7 14
3 6 8 9 13 14 17 18 20
1 3 7 10 11 12 13 17 20
2 4 5 10 14 17
1 4 6 8 9 11 14 15 18 20
2 4 5 6 9 10 12 13 16 19 20
3 4 6 12 15 16 17 18 20
1 6 8 14 15 19
4 7 8 9 10 11 13
4 7 8 12 13 14 20
1 2 4 5 9 12 15 19 20
2 3 4 5 7 8 10 14 20
2 8 11 13 14
1 3 5 7 10 12 14 16 18
5 11 16 20
1 3 4 8 9 11 12 15 16 17 18
1 2 8 9 16 18
1 2 5 7 9 11 12 14 17 18 20
1 7 12 13 15 16 17
4 7 8 12 16 18 20
5 10 13 14 15 16 20
4 6 7 8 10 11 12 15 16 18
3 4 5 10 11 12 13 16
5 13 14 18 19 20
3 5 8 9 11 12 20
1 2 3 11 15 16
2 3 4 12 14 16 17 20
9 11 13 16 17 19
1 2 4 7 12 13 16
1 3 11 16 19
3 8 17 18 19 20
1 3 4 5 9 11 15 17 18
2 5 6 7 12 13 15 20
4 7 12 13 19
1 8 11 14 17 20
1 2 4 5 6 8 9 11 17 18 20
2 5 6 7 9 10 12 15 17 18
1 2 4 6 8 9 11 13 17
1 4 9 12 14 19 20
1 3 5 6 8 13 14 15 17
2 11 12 13 15 17 18
1 2 4 5 15
2 6 10 14
3 5 7 8 9 10 11 12 15 16 17 18 19 20
2 5 8 9 13 14 15 20
5 11 14 15 16 17 18
3 7 11 12 14 17 20
1 2 4 8 11 13 14 18
5 6 10 12 14
4 7 8 12 14
1 8 11 15 16 17
2 4 7 9 11 15 19
3 8 9 11 13 15 16 19 20
2 3 4 6 11 13 14 15 16 18 20
1 2 3 4 7 8 9 13 14 15 18 20
2 6 7 8 11 13 14 17
6 12 15 20
3 8 11 12 14
5 8 12 13 14 15 16 17
5 8 9 10 12
1 4 6 8 10 11 13 18 19 20
2 8 10 11 13
6 10 14 17
5 6 8 10 12 13 18 19
2 3 5 9 10 12 15 17 18
1 4 5 7 9 11 12 13 16 17
1 3 4 6 8 9 11 12 16 18
3 5 6 7 9 12 13 15 16 19 20
6 10 12 13 15 17 20
5 8 10 13 14 15 18 19
1 7 10 11 12 14 15 17
1 2 5 7 8 10 11 14 20
2 6 8 10 14 16 17 18 19 20
1 12 13 14 16 17 19
1 2 6 8 11 12 13 15 18 19 20
1 2 8 12 18 20
1 3 4 5 6 8 10 13 14 16 17 20
1 3 4 6 7 10 11 12 14 15 17 18 19 20
2 5 6 8 9 12 15 17 20
1 2 3 6 7 9 10 11 12 16
1 6 8 10 13 14 17 20
3 5 6 9 10 16 18
2 3 4 5 10 11 13 15 17
2 3 4 8 9 11 15 17 20
2 3 4 5 6 9 10 13 14 15 16 19
7 8 9 10 11 12 13 18 20
3 4 15 16 17 18 19
1 3 11 12 13 14 19
1 2 4 7 9
1 2 10 13 14 18 20
1 2 3 4 6 9 11 13 14 16 17
1 2 8 9 14 17
7 8 10 12 14 17
1 6 8 9 11 12 14 17 19
1 5 9 13 14 15
3 4 6 7 9 13 16
1 2 3 6 8 9 11 14 18 20
9 10 16
1 2 3 5 6 8 10 11 13 15 16 18 19
2 4 5 6 11 14 15 16 17
4 5 11 12 16 17
1 2 6 7 9 14 16 20
2 3 7 8 9 11 12 13 15 17 18 20
1 4 5 8 12 13 15 16 19 20
1 6 14 15 16 18 19 20
4 8 9 15 20
8 9 11 13 14 15 19 20
1 5 6 9 14 15 17
1 2 4 8 10 13 17 19
3 4 10 11 14 19
7 9 11 15 16 18 19 20
3 5 8 11 15 19 20
1 5 6 7 10 12 16 17 20
3 9 10 14 16 17
2 5 7 8 13 14 19
