15 17
20
14
7
9
8
2 15 19
2 17
2
5 9
2 13
5 15
6 13
20
5 16
3 8 11 12 15
15 16
8 13
15
3 15 19
15
2 5 6 12 13
15
2 4 6 12
8 9 16
5 8 10 11 12 17 20
6 7 13
10
13 14
10 15
5 15
13
5
8 12
4 16
1 4 16
7 17
19
8 15 18
6
6 17
6 8 11
1 5 18
2
1 20
16
4
8 17
8 18
17
18
5
3 6 8
4 19 20
11
5
7 15
10
9 16
3 14
15 19
6 18 20
8 13
14
4 6 9 12 13 15 20
6
4
11
19
5
6 15
10 17
13
3
2 18
7
6 16 17
11 12 20
5 14
4 18 20
7 20
5 7
3 19 20
20
5 17
4 9 17 18
6
16 17
1 7 13
11
4
18
8 12 16 19
5 13 15
11
12
1 2 12
3 4 10 14 17
14
18
2 12
9
1 7 9 16
10
4 6 16 17 18
6 8 17 19 20
4
10 15
4
9 11
19 20
2 6 13
18
6
9 11 12
5 6 11 17
3 13 14 20
2 20
14 16
10 16
6 12 15 17
2 13 19 20
3 5
4 11 18
2 3 14
14
4 17 20
10
9 14 19
4 18
2
8 18 20
4
4
16
7
11 16
12
8
9 12 17
1
7 10 19
6
1 7 11 16
5 6 10 11
2 6 8 19
4 10 18
17
1 13 16
20
1 17
6 13 15
12 13 17 19
11 14
17
3 16
7 11
1 4 14
12
3 8
10 12
6
3 8 15 19
9 15
18
3
3 4 9
2 10 13
7
5 7 9 11 14 17
11 12 16
5 7 13 18
20
4
3 15
6 8 17
9
2 7 9 10 17
5 9 10 15
6 11 12 17
4 6 10 19
2 5 10
1 7 8
18
13 18 20
5 15
2 5 12 14
10 11 17
3 5 11
7 13 14 16
12 13
17
4 6
6 8
5
3 6 9 10
2 10
6 13 14 17
3 8 18
5 18
