1 7 8 13 15 16 18
1 2 5 10 13 15 19
1 2 3 8 14 16 18 20
10 11 13 18
1 3 5 7 11 12 14 16 17 20
5 12 13 14 15 18 19 20
1 6 7 11 12 15 16 17 19 20
1 4 6 7 12 16 18 19
1 4 5 6 8 9 13 16 18 19
2 4 5 8 11 16 20
4 5 9 10 12 13 20
1 2 5 6 9 12 13 14 17
2 4 9 16 18
9 17 18
1 2 3 7 10 11 13 19
1 3 5 6 7 8 9 10 11 15
2 4 7 8 18 19
1 6 8 10 11 14 16 17 20
1 4 6 10 11 12 15 17 20
1 3 17
4 6 8 10 13 17
6 7 9 11 13 14 16 18 20
1 3 6 9 10 11 13 14 15 20
3 12 14 19
4 5 9 12 15 16 17 19
1 2 3 6 7 9 10 20
1 2 4 12 16 19 20
1 6 10 11 13 14 16 18
2 4 5 7 8 9
2 16 17 18 20
3 5 6 7 11 15 16 20
3 6 10 14 16 19 20
1 3 4 5 6 8 10 16 20
4 7 15 16 19 20
1 4 7 8 10 11 16 19 20
1 3 4 16 17 18
1 9 16 20
3 4 6 9 10 12 14 19 20
1 7 8 9 11 14 18
1 5 6 8 13 14 15 17 20
1 3 4 5 7 9 11 12 14 16
2 4 6 9 10 11 12 14 15
3 6 10 12 14 15
4 5 7 8 9 10 14 17 18
3 12 13 14 16 19
2 8 9 14 15
3 4 11 12 18
4 7 8 11 13 15 17 18 19 20
3 4 5 6 7 11 12 14 15 16 19 20
1 5 9 14 16 18
13 14 19 20
2 3 7 19 20
1 5 6 7 14 16
1 3 5 7 10 11 14 15 19
1 4 6 10 17 19 20
1 5 8 12 17 18 19 20
1 2 4 7 12 14 19
3 10 12 16 19
1 6 11 13 15 18 19 20
3 4 8 9 10 12 14 16
2 5 8 11 12 13 15 20
2 4 5 13 17 19
2 3 10 13 18 19 20
2 6 10 11 13 19
1 14 16 19
2 11 12 13 15 17 19
1 5 7 8 10
1 2 5 7 8 9 14 15 16 17
5 11 13 14 20
3 4 5 7 8 9 10 11 12 15 16 20
1 3 6 8 9 10 11 12 15 16 20
4 5 6 9 11 12 13 18 19 20
3 11 15 16 20
1 5 7 10 11 15 18 19 20
3 4 5 11 17 20
1 3 6 7 11 12 13 16 18
1 4 6 8 9 16 18
5 11 14 16 18
1 6
5 6 9 10 12 13 15 17 18
1 3 5 7 8 10 11 13 17
2 3 4 8 9 11 14 16 17 18 20
2 4 5 6 7 8 9 12 16 19
2 3 5 7 10 13 15
2 7 8 10 11 12 18 20
6 7 11 13 17 19 20
2 5 8 9 10 11 13 14 20
6 7 9 10 15 16 17 20
7 11 12 17 19
5 9 16 17 18 19
5 6 8 9 10 12
6 8 16 17
7 9 11 14 17
4 6 14
7 10 12 15 18 19 20
1 3 4 6 9 12 15 17
3 6 10 11 15
3 5 13 19
3 5 8 11 12 13 15 18
7 8 9 11
2 6 8 10 12 16
12 17
1 2 7 8 9 10 11 12 14 16
1 5 6 12 13 16 17 20
1 3 5 7 8 10 13 15 17 20
2 4 9 12 14 16
2 3 5 7 8 10 15 17
1 5 7 8 9 10 13 17 20
1 2 11 12 13 14 19
10 11 15 18
2 8 12 13 15 16
1 3 4 8 9 13 17 20
1 9 13 18
4 7 9 13
2 3 4 6 7 8 9 11 12 13 15 16 17
5 14 15 17 18 20
2 3 6 9 10 12 14 15 16
1 3 8 13 15 16 18 20
4 5 6 9 12 13 19 20
3 9 13 16 18 19
3 6 11 15
1 3 5 6 16 17 18 19 20
1 2 7 8 9 14
6 7 10 11 13
2 3 4 6 8 10 11 13 18 19
4 5 7 8 11
2 11 13 18
3 5 7 8 13 17
2 3 4 7 10 12 14 18 20
1 2 3 4 9 11 14 16 17 19
5 8 10 16
2 5 6 15 17 19 20
10 11 13 16 17
5 10 14 15
2 4 5 7 8 10 18
1 2 4 5 11 13 16
8 9 11 13
1 6 9 14 17
1 2 5 17 18
2 3 4 11 16
2 3 7 13 14 15
4 6 7 8 9 10 12 14 15 16 18
3 4 6 11 13 19
8 10 11 13 16 18 19
2 3 4 5 12 15 18
4 10 12 13 14 16 19
1 2 10 11 17 19 20
1 4 7 13 15 16 20
3 4 5 7 11 13 14 15 19
1 4 7 11 12 14 15 17 19 20
1 3 5 6 16 18 20
2 4 12 16 18
4 6 7 8 9 16
2 3 5 7 8 10 11 13 15 17 18 19 20
3 6 11 14 15 17 19 20
3 5 7 8 10 13 15 17 18 19 20
2 5 9 13 14 15 19
3 4 5 6 7 8 13 16 18 19
2 6 7 11 16 19
2 8 11 17 20
3 4 5 9 16 17 18 19 20
5 8 9 12 17 19 20
4 5 13 15 16 17 20
1 4 7 8 9 15 16 19
4 5 12 13 17 20
7 15 19
1 2 4 5 6 8 9 10 13 18
1 2 5 6 13 14 15 17 19
3 4 5 6 8 16
1 3 5 8 12 19 20
2 10 11 16 18 20
4 9 14 15 20
2 6 7 8 14 17 18 20
1 2 6 8 11 14 15 18 19
6 7 13 15 16 18 20
1 3 5 8 9 15
6 8 9 11 14 16 20
2 6 7 9 10 12 13 15 16
1 3 6 13 14 19 20
2 5 7 18
1 2 4 5 16 19
1 2 6 10 12 15 17 18
3 4 7 9 10 13 16 18
2 4 9 11 12 13 16 20
2 4 9 11 13 15 16 17 18
4 6 10 11 12 14 15 20
1 2 5 8 15 17 18 19
10 11 13 15 16
1 4 10 11 13 15 16 17
4 5 6 7 9 11 19 20
3 5 7 10 13 18 20
2 4 8 10 15 20
2 3 11 12 15 16 19 20
1 2 4 5 7 11 14 19 20
3 15 18 20
5 7 8 12 17
3 7 9 10 11 13 15 17 18
1 2 4 5 7 9 10 12 20
1 4 5 8 10 17 18
4 13 16 17 20
