3 5 10 12 14
10 14 15
3 12
2 5 12 15 16
8 15
4 13 14 17
5
8 9 17
3 10 12 18
5 19 20
8 10 11 12 16 17 19
3 4 6 11 14
7 9 18
5 9 11 13 16 20
1 8 15 16 19
10 12 17
3 4 18 20
3 9 11 13 15
1 5 8 10 12 13 14 17
15 18
2 6 7 9
3 4 5 7 15
1 4 6 18
6 9 19
10 15 17 18
7 14 19
4 11 12 16
6 8 12 13 18
2 18 20
3 5 7 8 18
4 8 14
15 17
6
3 5 6 10 15 20
7 10 16
9 16 17 20
1 3 5 9 12 13 16 17
8 10 12 13 16
1 11 13 15 18
4 9 11
6 10 20
7 10 14
1 6 15 16
5 7 13 14 15 17 18
6 10 11 16
1 5 6 11 12 13 15
13
4 8 10 11 13
2 18
1 2 5 8 9 11 15 18
1 9 11 12 13 15 16 18 20
11 13 15 16 20
5 8 10
5 6 8
4 5 6 8 13 15 18
13
3 6 8
4 5 10 19
10 11 18
6 15 20
3 6 20
1 5 11 17 20
1 2 5 8 13
4 13 15 18
7 8 18
1 3 4 11 18 19
1 3 8 12 13 17 19
4 11 18
4 7 8 9 15
1 7 16 19
2 7 15 17
5 13 14 15
1 6 10 11 20
5 9
3 4 10
8 15 19
7 9 14
2 16
4 7 12 15 18
5 11 16 18
4 5 10 17 20
10 11 12
3 15 16
1 3 11 14 17
4 12 13 14 15 17
7 8 11 18 20
13
1 2 3 6 8
8 13 18 19
10 11 12 14 19
3 4 13 17 19
1 7
11 13 15 16 20
1 2 4 9 11 17 18
7 19
9 10 18
1 2 6 7 15 16
5 9 11 18
2 6 7
9 13 16 20
4 13 15
5 6 10 15
6 12 14 18 19
3 7 10 13
4 7 9 10 18 19
2 7
2 3 7 10 11 16
1 11 13 16 17
16
6 7 11 15
2 5 15 17 20
1 2 5 8 15
5 17 19
14 20
6 9 11
5 10 11 14 16
7 11 13 20
5 13 15 18
1 7 13 18
2 14 17
2 3 8 19 20
2 4 9 14
2 4 8
3 11 15 16 20
3 11
8 17
7 14
1 2 4 5 10 11 13 20
1 5
1 10 15 16
1 13
8 10 12 15
2 9 13
1 4 9 11 14 17
1 7 8 13 15 18
8 14 15
9 11 12
7 9 15 17
10 12 18
3 12
8 15 16 18 20
3 4 6 9 12 16
6 8 13
4 18 20
6 9 11 13 17 20
5 6 9
2 4 10 16 17
2 7 11
5 6 13 16 17 19
4 7 20
8 9 11 16
5 9 16
11 14 17
6 8 16 19
10 11 16 20
4 8 15
5 11
9 10 15 20
12
5 8 14 16 18
7 10 11 14
1 2 4 9 12 16
9 10 15
3 6 7 10
4 6 8 14 16
1 5 9 14 15 19
3 8 11 19
3 10 14 15
1 3 5 6 10
3 7 8 16 17
4 10 12 17 19
2 7 12 17 19
5 9 10 17 18
8 10 13
1 2 10 14 15 17 18 19 20
1 3 5 12 20
5 9 12 15 17
3 5 17 20
1 3 15
9 17 20
1 4 6 8 16 20
16 18
1 2 7 16
2 3 4 8 12 14 20
9 10 12 15 16 20
5 7 10 12 16 17 20
3 6 15 17 20
7 10 11
4 5 6 10 13 16 18
1 10 18
2 8 11
5 6 7 11 12 13 18 20
2 12 16
1 3 5 6 11 12 16
1 4 9 14 19
4 8 11 14 15 18 19 20
3 9 11
1 2 3 15 20
2 14 17 18
2 6 11 12 18
