1 2 5 7 8 9 10 12 13 14 15
3 5 7 8 14 15 17
3 4 8 10 11 14 15 16 18 19
1 4 8 9 10 13 16 20
2 5 7 11 12 15 16 17 18 19
2 6 7 12 14 15 16 18 20
3 5 6 12 15 18
1 6 7 8 12 13 14 15 16 17 20
3 6 7 9 11 12 14
2 4 5 12 13 16 17
4 5 7 12 13 14 19 20
3 4 6 10 11 12 16 18 19
2 4 5 6 7 8 10 15 16 17 19
7 12 15 17 18
3 5 8 11 15 16
1 4 5 6 7 8 9 11 12 14 15 17 18 19 20
8 9 10 11 13 14 17 20
1 2 3 6 11 13 14 15 17 18
1 11 12 13 19
1 2 5 7 13 20
1 2 6 13 15 17
1 3 5 7 8 9 11 16 18
1 2 3 6 8 12 14 16 19
1 8 12 15 16 17 20
3 4 5 10 11 13 14 16 17 20
2 4 6 7 8 9 13 20
5 9 11 12 14 20
3 4 5 8 11 14 15 16 17 18
1 3 6 8 11 12 15 17 18 20
3 5 6 8 10 11 12 15 17 18 20
2 3 5 7 8 10 15 17 20
2 4 5 6 8 9 10 11 15 16 20
2 4 7 8 13 14 15
7 11 12 13 15 19
3 8 9 18 19
2 4 5 11 14 17 19
1 2 3 10 11 12 14 15 16 17 20
2 3 12 14 16
6 8 9 10 14 15 16 18
3 8 9 11 16 18 20
3 5 6 8 12 13 15 18
2 4 7 9 10 14 16 17 18 19
3 4 5 6 7 11 14 15 16 18 19
1 2 3 5 8 11 13 14 15 17 19
3 4 5 8 15 16 19
2 5 7 10 11 12 14 17 18 20
3 4 5 8 11 12 16 17 18 19 20
2 3 4 6 10 12 14 19
1 3 4 5 11 14 15 19 20
1 4 5 7 8 9 10 12 15 16 17 19
2 5 6 7 10 11 13 15 16 19 20
3 7 8 10 11 12 13 19 20
6 7 8 9 14 15 16
2 6 7 8 9 10 11 12 14 15 18 19
1 4 5 6 7 8 10 11 12 15 16 17 18
1 2 8 10 12 15 17 18 19
3 10 11 15 19 20
1 4 5 8 10 14
2 3 6 7 10 11 12 13 16 18 19
2 4 5 8 9 14 15 16 17 18
2 3 4 5 6 9 10 11 12 18
4 7 8 11 18
3 4 5 6 7 13 17 18 19 20
1 2 4 5 8 10 11 14 15 17 18 19
1 4 7 9 16 17 19
2 6 8 12 13 14 16 17 18 19 20
1 5 7 9 10 11 13 18 20
7 8 10 15 16 19
2 6 9 10 11 12 13 17 20
1 2 4 5 9 12 13 14 18 19
1 2 9 10 12 13 14 15 17 19 20
1 2 4 6 9 10 13 14 16
4 5 8 9 10 11 12 15 18 19
2 4 7 13 17 20
2 4 5 6 10 13 15 17 19
1 6 9 12 13 16 17 19
2 3 4 5 6 7 9 12 13 14 15 18 19 20
1 2 3 7 11 19
2 3 4 7 8 9 10 11 12 14 15 17 18 19
2 7 8 10 11 14 17 20
2 3 8 11 12 13 14 15 18
1 3 4 6 7 8 10 11 12 13 14 15 19
3 5 6 9 11 12 13 15 16 17 18
4 5 8 9 10 11 18 19 20
2 3 4 8 10 13 16
2 3 5 6 7 8 9 10 11 12 16 17 18
2 3 4 5 7 11 12 13 15 16 18
3 4 7 10 11 12 15 16 19 20
1 4 6 8 9 11 14 15 19 20
2 4 5 9 10 12 13 15 16 17 18 19
3 4 7 9 10 13 15 20
3 13 14 15 18 20
5 9 12 14 15 16 19 20
2 5 6 7 9 10 13 15 16 17 18 20
4 6 9 11 13 16 17 18 19 20
1 2 3 8 12 13 15 16 17 19
1 3 4 6 9 10 11 16 18 20
1 2 3 4 6 7 8 10 11 12 13 14 19
1 2 4 10 11 14 15 17 18 19
1 2 10 13 15 16
1 2 3 6 7 8 9 14 15 19 20
8 11 15 16 20
1 3 5 7 8 10 12 14 17 18 19
4 5 6 8 11 12 15 16 17
1 2 4 13 15 18 20
1 2 4 6 7 9 13 14 15 17
1 2 3 7 9 11 12 15 19 20
1 5 6 7 14 15 16 19
1 5 8 9 10 12 14 15 18 20
2 14 15 19
1 2 3 5 6 10 11 12 14 17 18 19
1 3 7 8 10 11 13 16 19
1 4 6 7 8 9 10 12 13 14 17 19
5 7 9 10 14 15 16 18 20
1 2 3 4 7 8 12 13 14 18 20
2 4 7 8 9 11 12 15 17 18 19 20
2 6 7 9 10 11 13 14 16 18 19 20
1 3 4 6 7 8 10 13 14 16 17 19 20
1 3 7 11 17 19 20
2 8 9 11 15 17 19
1 2 4 5 6 8 10 12 19 20
4 7 8 10 11 12 13 14 17 18 19 20
2 3 7 10 11 13 14 18 20
5 8 9 11 12 13 15 16 19
1 2 3 5 9 10 12 13 15 16 19 20
1 3 6 7 9 10 11 16 19 20
1 2 3 5 6 7 8 9 11 13 14 18
3 4 6 7 9 11 15 16 18 20
3 5 6 8 10 12 13 16 17 19
3 5 8 10 16 17 19
2 3 4 6 8 11 13 14 15 16 19
3 4 11 12 15 19 20
5 6 17 18
1 2 6 8 9 10 13 16 18 20
1 5 6 7 9 10 11 12 13 15 17 19 20
2 4 8 10 13 15 18
1 5 7 9 10 13 15 16 17 18 19
2 5 8 11 12 13 14 15 17 20
2 3 6 7 11 12 13 15 16 19
6 8 15 16 18
2 4 6 8 9 10 11 14 15 19 20
2 5 6 9 12 15 16 19 20
2 3 4 11 12 14 16 17 18 20
1 2 4 6 8 9 10 11 12 13 15 16 18 20
1 5 9 16 19
2 3 4 5 7 9 10 11 18 19
2 3 4 5 6 7 11 14 15 16 17 18
1 2 3 4 5 6 7 8 12 13 15 16 19
3 6 7 8 10 16 18
4 6 7 10 12 13 14 15 19
1 2 3 4 8 11 13 18
5 7 8 9 10 12 14 19 20
1 4 5 9 10 11 17
4 6 7 16 18
3 4 7 10 12 13 20
4 5 7 8 10 14 20
2 4 6 7 9 10 13 15
3 4 6 10 12 13
6 7 9 12 13 14 15 18 19 20
4 9 13 14 15 16 17 19 20
6 7 9 11 13 14 17 19 20
3 5 6 9 11 12 13 14 15 16 20
1 4 5 9 10 11 20
3 6 7 8 10 12 14 15 16
1 3 4 9 10 11 12 17 18
2 3 4 5 6 8 10 16 19 20
4 6 8 11 13 14 18 19
1 2 3 5 6 9 11 14 15 16 19
4 6 7 8 9 10 11 12 15 16 17 18 19
2 3 4 5 6 9 10 12 13 15 17 18 20
2 3 9 14 15 17 18 19 20
4 6 8 10 12 14 15 16 20
3 7 10 12 17 18
6 9 10 12 15 16 17 20
1 2 3 7 10 11 12 13 14 15 18 20
1 5 6 7 10 11 12 13 18 20
1 4 7 8 9 10 11 12 16
1 4 8 9 11 12 14 15 16 17 20
3 4 13 14 15
3 7 8 15 16 18 19
2 4 5 7 8 9 11 15 16 17 18
1 2 3 5 6 9 10 14 15 16 20
5 8 9 10 11 12 15 17
2 4 6 7 8 10 14 15 18 20
1 2 5 6 8 9 10 12 14 15 16 19
1 3 4 5 7 13 14 16 18 20
3 5 7 11 12 13 16 19 20
1 2 3 11 12 13 16 20
3 4 7 10 11 13 16 17 18 19
1 4 7 9 10 11 12 15 17
1 6 7 8 9 10 12 13 17 20
3 4 8 9 10 11 14 16 18 19 20
1 2 3 8 9 11 12 14 16 19
1 6 7 9 10 11 14 15 19 20
1 5 6 7 10 11 12 13 14 16 17 18 20
1 2 3 4 5 10 11 12 14 15 18 19 20
1 7 10 11 13 16 17 18
1 3 4 5 8 9 14 16 20
1 4 5 7 11 13 18 20
1 2 4 6 7 11 12 16 17 18 19 20
