8 12 15
1
19
16
4
14
15
8
5
6 18
7
11
7 11
12
11
5 17 20
2
7 10
11 14
5
13
7 20
12
13 16 19
3
16
19
12
10
14
10
6 9 19
5 6
12
6 10
18
14
1
11
5 6
1 7 10
8 14 19
9 14
15
7
14
5
2 17
6 18
4
10
17
3 5 6
12
2 7 15
10
3 12
3
2
14
17
15
11
3 4 13 15 20
17
9 14
19
11 12
5
18
11
2
7 11 20
10 19
1 19
6 18
17
7
7 17
15 16
4
1 4 7
4 7
7
3
10 13 19
8 9 16
3
1
10
13
7
4
9 11 20
14
17
1
19
2 6 12 18
6
6
11
10
17
4 20
19 20
7
3
16
16
18
6
2
13 15
4 12
19
7 14 16 20
7 10 16
7
6 16
7 10
15
18
2
10
9
13
6
1 2 13
18
2 4
18
2 20
16
5
7
7
10 19
6 11
3 6 7 16
3 9 16
12
13 18
4 11
16
14
11 12
10 11
18
12 13
4
15
5 13
2
5
4 16
14 19
10
2 11 12 16
11 15
1 19 20
4 9 19
15
12 16 19
17
5 20
2 9
3
2 8
7 17
10
3
18
5
7
7 14
13
8 20
7 14
15
3
1
7 17
11 15
8 11
17 20
2
8
20
14
5 7
16
4 8 15 17
16
17
13 16
14
17 19
17
2 17
