5 8 17 19
20
6 8 9 20
17 20
15 18
6 8 12 13 17
1 4 10
6 8 12 13 17 18
1 2 3 4 10 14
14 20
8
4 8 11 13
5 12 15 17
3 7 10 11 18
8 15 20
3 18 19
8 12 17
11
2 5 19
6 19 20
19
1 11 19
8 14
8 9 20
18 20
5 10 13 15 17
3 11 19
5 10
10 13 14
11 18 19 20
5 11 13
3 6
8
17
6 13 14 16 17
16 17
13 17 19
8 10 14 19
11 17 18
3 9
5
1 10 11 16
5
12
15
10 15 18
2 13
9 11 19
3 8 10 13 15 17
5 7 17 20
8 13 20
8
1 9
4 5 6 19
18
3 4 6
9 13 16
2 13 15 18
6
16 19
9 10 11 13 20
6 7 11 16
3 4 16
6 15 16 17 20
12 18 20
1 10 17 20
3 8 11 15 16
12 17
7 9
11 17
4 15
5 13 18 19
1 4 5
1 3 5 13 18
2 4 7 10
3
1
19
11 13 18
1 3 11 15 16 20
2 4 12 17
1 5
4 13 17 18
11 16
5 6 15 18
3 12
9 14
4
9 14 17
3 13 17
18
3
5
11 12 14 15 19
3 10 13 19
1 2 4 18 20
4 5 9 13
2 4 19
1 4 5 13 14 17
1 5 17
1 5 15 17
13 15 19
3 9 12 18
8 9 11 12 20
6 11 17
8 11 18
2 4 8 9 10 11 12
8 12
2 11 15 20
3 4 8
3 11 13 20
5 7 12
6 17
1 8
8 19
19
2 4 13 17
2 8 12 17
1 4 12
3 6 15
2 3 14
8
13 20
3
5 15 19
10 12 13 16 17
3 5 7 15 17
2 11 15
1 4 11 13 20
12 18 19
1
5 16 18
3 5 7 9 12 14
4 17 19
12
2 3 5 11 19
7
2 3 20
6 16
4 6 8
8 11 15
2 8 17
3 19
5 10 12 13 16
4 8 11 18
3 7 14 15 16
3 5 20
4 11 14 15
2 10 13 17
1 4 17
1 2 6 8 12 15 16
14
6 10 11 13 14
2 5 9 16
4 7 8 10 14 20
1 9
12 16
2 9 15
12
1 5 15
2 12 14
2 4 10 20
1 4 11 16
1 6 7 19
1 7 9 10
3 6 14 15 19
4
14
1 2 10
2 19
8 14 16
7 9 15 20
2
3 5 10 11
2 8 9 12
1
2 4 5 11 12 18
2
7 15 16 17
2 20
12 15 17
3 9 16 20
9 11
5 10 11 17 18
3 6 15 18
1 2 5 15 16
3 6 15 17
4 11 19
7 15
5 7 9
4 5 6 8 15
3 6 7 9 11 17
1 11 19
5 6 7 9 10 11
6 7 11 15
1 2 7 16
18
15 19
6 8 12
13 14 15
