1 4 8 11 20
9 13 14 15
5 6 10 13 14 16 19
4 20
6 11 17
1 2 4 10 13 15 17
6 13
4 9 12
3 12 18 20
4 6 8 12
6 7 8 9 14 16 19 20
1 3 5 6 13 14 17 18
4 11 12
1 3 17 18
3 9 11 13 16
2 7 15 17 18 19
2 3 4 6 12 16 17 19
1 7 9 17
1 2 6 7 9 14 17 20
3 11 12
1 4 7 11 12
3 7 13 20
5 11 15 16 17 18
1 2 10 13 15
3 7 12 13 17 19
3 8 9 14 18
2 5
10 13 16 17 18
1 2 5 6 8 9 13 15 17 18 20
1 3 4 9 10 11 17 20
2 5 6 15 18
1 3 5 13 18 20
5 8 12 20
13 15 16 18
3 14
2 3 5 6 13 14 16
3 4 11 16 18 19
10
2 5 8 11 13 18
2 3 16 17 19
6 8 9 12 13 18
9 10 13
1 7 10
2 8 12
5 8 9 10 17 18
4 16 18
2 7 11 16 17 19
1 7 8 12 14 16 17
2 5 6 9 11 14 19
4 9 10 11 13 14 16 18
2 3 4 11 13 15 16
13 16 17
9 13
1 3 10 17
4 6 7 8
8 13
1 3 4 10 12 14 17
1 4 15 16 17 18
1 2 17 19 20
1 2 5 8 16 19
3 6 9 20
4 6 11 12 18
11 17 20
1 2 9 12 14 18
11 12 13 16 18 20
5 6 8 11 18
2 4 7 12 17 20
9 20
2 7 8 9 14 17
7 9 10 13 18 20
18
4 11 12 14 17
4
1 3 8 11 19
6 10 13 19 20
2 3 5 9 10 18 19
1 2 4 9 13 14 18
3 5 7 8 17
2 3 7 8 10 11 18 19
1 4 13 17 19
4 7 9 14 15 17 18
1 6 7 14
1 7 8
12
17 19
5 8 9 11 13 20
1 4 7 8 9 12 16 18
6 7 9 16 18
2 4 11 14 19
3 6 10 18
2 5 11 12 15
3 6 8 11 12 16
8 10 17 20
5 6 18
2 11 18 19 20
15 17 18
8 16
1 3 7 9 11 14 15 17 18
3 6 8
2 3 5 9 13 17
7 8 15 18 20
1 3 5 16
5 9 15 19 20
5 8 13 14 15 16
4 11 14 15 16 17
8
5 9 11 13 16 17
1 4 5 11 13 16 18
1 12 20
1 2 3 4 13
1 10 15
2 4 8 11 18
2 3 6 16 17 19
1 4 8 12 17 18
2 5 7 11 13 14 16 17
3 13 17
1 4 11 13 15 16
1 6 7 8 11 12 13 17 18 20
5 8 10 11 14 18 19
1 2 5 6 8 9 12 13 16
2 3 4 5 13 14 20
2 3 6 10 13 20
2 7 14 18 20
1 2 3 10 19 20
1 7 9 19
4 5 7 14 15
1 9 17 19
9 14 19
1 3 15 18
1 4 5 8 12 15 16 19
5 13 16
3 5 6 8 9 12 14 15 18 19 20
1 3 4 14 19
1 2 4 5 11 12 13
7 10 14
1 3 6 9 10 16 19
18
8 12 16
5 7 9 12 16
2 9 11
20
2 13 14 16
10 12 18 20
5 8 16 17
2 6 8 13 19
1 4 5 6 11 12
1 4 7 9 11 18
3 4 8 10 11 13 14 19
3 5 6 9 10 14
8 9 10 12 13
1 4 6 9 13 14 17 18
3 8 10 15 17 19
1 3 8 9 20
19
3 16
6 12 13 20
1 2 4 5 6 8 15
7 12 14 16 19
6 7 9 10 11 17 18
1 5 6 7 17 18 19
8 9 10 13 17 19
2 5 10 11 13 20
3 4 5 15 19
2 4 8
1 3 4 18 19
1 11 20
2 3 8 18
3 13 16 19
3 5 6 7 8 15 16 18
1 4 5 11 13 15 16 18 19 20
1 8 9 11 20
2 3 4 6 9 11 18
1 5 7 9 11
1 4 6 8 9 12 16 17 19
4 6 7 9 10 14 19
3 6 9 11 16 20
8 11 14 16
2 3 13 17 20
8 13 15 18
5 7 10 11 16 18 19 20
8 9 14 18
3 5 6 8 15 16 17 18
1 3 6 7 8 9 12 20
10 20
3 6 10 13 18
2 3 5 8 14 15
9 11 13 14 15
1 2 5 6 12 17
7 8 13
4 7 10 12 13 14 15 16 18
2 9
2 8 17 19
4 8 12 18
3 6 10 11 13 14 15
4 12 16 18
4 8 16 18 20
7 14 18
4 8 9 11
2 4 6 9 20
4 5 9 14 16
