17 20
11 20
10 20
4 5 8
1 18
1 7 14
11
13 16 19
5 19
5
6 13 15 19
14 16 18
2 6 10
15
1
5
17
7 11 18
10 14
11
11 14
1 4
5 17
5
19
1 7 9 13 19
8 19
13
20
1 4 18 19
10 14
7
2 8
2 6
6 13 20
5 9
4 8
1 10
5 6 12 19
11 19
11 18
9
8
8 17 19
4 9 11 13
17
5 6 17
9 16
3 9 20
13 15
8 10 12
1
8 14 19
2
3 6 7 13
12 17
19
8 17 20
20
18
7 8 9
7 10 12 15
9 17
12
10 11 20
15
5 13 18
17
5 9
2 7
13
4 7
10 17
6
3 10 12 17 20
6 11
1
11
16 17
2 8 17 20
7 17
17
5 7 13 14 18
2 20
6 10 15
5 13
9 13
10 16 20
1
7
18 20
1
7
18
2 3 9 18 20
13 14 17
19
2
7 14
2 18
14
4 5 17
1 6 11
7
16
11
17
7
8 15
18
9 11 16 18 20
5 10 12
2 6 7
5 13
3 5 9 10 17
11
6 12 13 18 19
15 17
10 12 18
8 17
10 14
2
13 16
16
14
8 9 11
1 17
15
6 7 9 10 16 18
11 16 17
19
11 18
10
2 3
2 8 12 14
15
3 4 7 9 13 14 16
10 13 14 18
3
13
18
1
2 12 20
13
2 13
10 14 15 18
2 16 17
5 9 20
3 5 15 19
19
7 9 13 20
3 7 8 14
11 16
2 10
8 19
3 10
3 4 11 16
20
3 4 5 7 15
2 6 12 14
2
4 12 15
3 10 12 15
8 14
18
17
8 13 20
2 6
3 12 18
5 18
8 11 12
7 10 13 16 17 20
2 3
9 16 18
10
1 2 3 13
6 10 12
8 9
2 20
7 10 15
2 11
5 7 11 15
5 12
7
8 9 17 20
5 6 11 12 16 18
10 16 19
4 13 16
1 18
17
5 13 14
9 14 16 17
8 19
6 12 15
15
2 7
19
7 9 13
6 12
6
