12 13 17 18
3 6 8 19
4 15 16
5 9 14 15
1 4 6 7 10 13 19
2 3 8 10 11 15 18
1 2 5 7 12 13
1 4 7 9
2 12
6 13 15 17 20
3 8 10 14
2 6 8 13 14
4 15 19
9 17
1 3 10 12
3 9 12 14 17
5 12 13
4 5 10 17
3 12
10 18
3
7 10 12 14
16 17 19 20
1 3 4 5 8 14 16 17
6 15
1 12 14 19
10 15
3 5
1 2 4 6 9 20
2 4 6 12 14 17 18 19 20
3 10 20
12 16 19
6 7 15
6 13 18 19
3 4 8 12 13
1 3 6 17
4 7 11 18
6 9 18
5 6 17 18 19
1 2 8
1 3 6 9 13 14 20
1 2 6 14 15 16 17 18 19
8 12 17 18 20
4 9 13 15 17
1 4 11
5
5 6 10 11 15 17
2 7 11 17 20
2 5 8 18
1 13 14 19
5 14 15
4 5 13 14
1 9 15 20
11 12 18
5 7 8
12 17
4 12 14 16 19
2 11 14 17
3 7 10 12 13 14 16
2 3 6 8 10 13 17 20
5 12 20
13 17
2 5 12 15
2 3 8 11 12 20
1 3 5 8 9 11
4 6 10 19
3 9 16 17 18 20
1 6 7 11 13 20
14 18 19
4 11 13
2 7 15 16 19
2 9
9 13
6 16 18
16 18
3 4 8 16
2 4 6 13
6 16
9 14
2 5 9 11 16 20
2 7 10
5 10 13 14 15 16 19 20
4 9 16 19
11 14
5 8 10 19 20
4 5 9
3 4 6 9 10 18 20
4 13 18 20
1 7 8 19
8 9 10 12 19
11 13 17
2 4 6 18
3 8 10 17 18
2 6 13 16 17
4 8 14 16 18
17 19 20
3 4 7 11 19
2 4 5 6 11 12 14
5 6 9 12 16 19 20
3 6 17
2 3 8 16
6 11 14 19
1 10 15 16 17 18
3 4 5 18 20
2 6 12 13 14 18
4 9 14 19
2 19 20
1 6 13 15
1 3 7 10 16 18
3 6 11 13 18 19
10 15 16
6 7 16
13
4 6 7 11 15
5 6 7 13
4 6 12 13 16 17
3 8 13 20
4 5 9 16
3 7 9 20
8 11 12
15 18 19
3 10 16
4 13
7 11 12 18 20
4 8 13 16
1 2 6 8 10 12 15
1 4 7 10
1 13 15 19
11 12 14
12 13 14 18
5 11
6 13 20
8 10 12 15 16 20
3 5 6 10 17
1 3 5 7 12 15 17 20
1 6 8 9 12 14
6 20
2 3 6 7 13
2 3 5 9 19
7 11 14
1 4 10 11
2 5 8 9 12
1 19
3 5 6 8 16
1 9 11 16
2 16 17
5 15
4 6 13 16
12 13 14 18
5 12 13 17 19
2 7 11 14
2 17 18
1 4 17
11 13 15
3 4 9 10 17
6 14 17
4 10 17 18 20
1 3 8
6 11 12 14 16 18
1 5 13 20
10 13 14 15
1 3 9 16 18
20
2 7 11 12 15
2 3 4 17
3 4 6 7 10 14
3 12
13 15
14
4 7 11 13 14 20
9 11
4 6 8 16
2 4 9 10 13 14 15 19
1 6 10 12 19
2 4 8 11 15
8 15 17
2 3 9 12 19
5 11 18
4 5 7 8 12 14 16
2 6 9 12 13 18
4 15 18 20
3 7 10 19
1 7 18 19
4 19
1 4 6 12
1 3 7
1 2 5 16
6 7 8 10 13 15 17
12
11 20
9 17 19
4 13
1 2 6 9 12 13 19
1 10 14
1 8 9 10 14 15 16 19
2
1 5 7 11 14 15 17 19
13 14 18
2 8 10 16
20
