5 7 13
18
3 11 17
4 16
19
15 18 19
3 13 14
2 12
5 6 8
1 4 11 18
3 13 14
1 4 5 8 19
10 15
1 14
2 7 11
10 18
7 13 15 19
6 7 10 16
1 5
16 19
1 4 7 15
2 10
9 16
8 13 15 20
6
4 12
3 7 9 10
11 15 18
4 9
3 4 5 8 10 15 16
10 20
10 16
8 13 15 16 20
15
4 7 9 20
5 18
19
5 15 17 18 19
6 10 11 14 16
1 4 8 9 10
15
5 8
1 2 3 10 12 20
11 13 18
9 12 14 17
10 16
8 10 12 16
3 13
1 11 15 19 20
1 2 4 9 19
14 19
1 7 9
9 14 15 16
6 13
5 6 13
7 9 15 17
9
12
8 9 10 12
1
9 10 16 20
13
15
7 11 19 20
12 19
3 5 7 20
18
3 20
1 16
6 7 9 11 17
2
14 17 18 19
2 9
7 13
8 16
10
4
5 13
8 9 17 20
9 11 12 13
3 5 14 16 20
11 20
13 14 15
3 9 15 19
1 9 11
12
1 7
6 7
3 9 16
2 4 5 17 20
6 16 17 20
4 6 9 10 12 16 19
6 8 12
1 6
1 7 16 20
8
4 11 13 17
2 10
9 16
1 4 13 14 17
7
5 9 16
18
1 3 4 14
2 3 8 14 15
7
6 13 18 20
4 5 10 18 19
1 3 5 8
10 11 18 19 20
7 19
3 8 11
1 6 10
1 4 7 15 16 17 20
5 16 20
1 4 7 15 17
7 10
3 6 11 15 18
9 16 18 20
4 5 7 8 9 17 19
18
11 13 20
10 14
3 5 10 11
5 11
5 6 15
6 18
6 16
4 12 20
9 15 18
3 14 18
7 10
3 4 8 9 12
3 5 8 16
7
4 14 20
6 8
1 18
3 20
1 5 7 17
1 15
14 20
3 11 13 14 20
7 8
2 12 14
7 9 17 20
4 7 10 16
8 17
5 12 18
1 10 15
2 4 14 19
2 19
5 13 14 18
6 10 11
14
1 6
9 17 20
7 10 15
1 9 10
9
15 16 18
16
1
13
16
9
7 15
3 7 19
1 17 19
5 8 12
7 18
7 9 14 17 18
11
4 7 10 14
3 20
9 13
2 4 13
18
4 5 10 14 19 20
7 14 15 19
4 14
2 7 16
6 13 15 19
8 11 14 15
1
3 4 7
3 18
3 16 18
3 13
7
1
2 4 5 9 15 20
1 4 6 10 14 17
2
11 12
6 10 16 20
1 5 9 15 16
19
3 14 15 17
7 14 20
