14 18
7 8 9 15 17 19
1 6 8 15
1 3 5 7 10 12 19 20
1 2 19
2 6 10 15 16 18
4 5 6 10 11 12 14 16 18 19
4 5 7 9 14 18 19
1 16
1 4 8 10 17
2 5 6 7 20
1 4 5 6 12
3 5 8 9 11 13 20
2 3 5 13 16 18
12 13 16 17 18 19
1 3 4 9 18
5 8 9 16 17 19
3 4 7 11 12 13 15 18
7 15 18 19
3 4 5 6 8 9 10 19 20
1 4 7 10 16
7 18
5 6 10 15 19
6 8 9 15
3 5 6 8 11 14
2 6 14 16 18 19
10
7 8 15 16 19 20
4 15 17 18
1 4 5 9 17 18 20
2 7 9 12 15
2 6 7 19
4 7 8 11
2 9 10 13 15 16 18 20
1 8 14 17
3 4 5 9 11 14
4 10 17 19
3 11 16 19
3 7 8 9 11 12 16 18 19 20
4 6 10 13 14 15 17 18
2 6 17 20
3 6 14 19
7 8 16
3 5 10 20
6 11 20
2 4 10 14 17 18
5 9 11 15
4 13 15 16 18
2 3 7 11 12 16 20
2 3 7 12 18
1 2 3 5 7 15 19
3 4
7 12 20
1 4 13 16 17 19
4 6 11 13 14 15 17
2 12 16
4 7 14 18
2 8 9 19
1 2 6 8 9 11 13 18
5 9 12 15 19
3 6 7 15 16
2 5 9 16 20
3 7 14 18
3 4 10 15 17
1 6 9
2 3 4 5 8 18
14 15
2 6 8 14 17 20
2 4 13 15 20
3 6 11 14 18
4 5 6 7 10 15 20
2 9 12 19
1 4 5 8 11 14 19 20
1 5 9 12 13 17 19 20
2 3 5 8 9 11 14 18
2 6 10 11 15 16 18
7 16 17 19 20
2 3 6 9 11 14
7 14 19
2 5 8 13 14
5 10 12
3 10 12 18 19
3 6 8 9 10 14 15 18
2 6 8 10 12 19 20
3 5 12 14 17 19
1 4 5 8 10 14
6 9 13 14 18
3 4 6 7 13 15 19 20
1 2 3 11 12 16 17 18
2 4 6 8 10 15 18 20
10 13 14 17
11 20
7 8 11 12 16 17
10 11 12 16
3 4 5 11 12 14 18 19
2 4 18
5 13 15 20
1 16
2 3 8 9 13 14 16
2 7 10 14 15 16
1 4 15 19
1 17 18
1 9 10 13 16
1 2 5 6 7 10 12 15 20
8 10 18
1 4 6 7
1 3 5 7 9 13 14 19
2 6 7 17 18 19
1 4 5 8 12 16 18 20
12 13
6 8 10 20
6 9 15
3 6 9 10 11 14 16 17
3 11 15 16 20
4 13 14 18
9 15 17 18
3 5 6 10 12 18 20
1 3 4 7 9 10 12 16
2 7 9 10 11 19 20
1 8 14
2 4 6 7 9 13 15 19
2 6 11 12 17 18 20
1 4 7 13 14
7 9 11 12 14
1 9 10 18 19
5 8 16
10 11 14 15 19
3 6 9 12 13 14 18 20
1 2 5 9 15 17 19 20
3 9 11 16 17 19
1 2 3 5 9 11
6 7 8 9 13 18 19 20
2 13 20
3 8 9 11 15 17 20
2 4 6 9 16 18 20
14 16 17
6 9 13 19 20
1 6 7 9 10 11 17 18 19
18 19 20
3 18 19
2 15 19 20
4 9 11
1 3 5 6 11 14 16 18 20
1 2 3 4 7 9 10 12 15 17
7 10 12
3 7 13 15 18
14 17 19
2 8 13 15 18
1 4 6 8 9 17 18
1 10 15 16 18 19
1 5 12 16 17
4 12
3 5 9 11 12 13 15
1 7 8 12 14 15
6 16
1 5 6 10 11 20
6 15
10 19
1 2 5 10 11 13
14 15 19
3 5 11 13 14 16 19
4 6 11 13
5 6 8 11 19
1 3 11 16 18
5 7 12 13 14 16
7 8 9 11 16 18
2 3 10 11 12
2 3 9 19
2 6 13 14 16
1 3 4 5 7 11 12 14 20
3 5 9 11 13 14 16 18
2 4 6 8 17 20
4 13 14 15 16 19
14 19
3 15 18 20
11 14 16 17 19 20
1 7 9 11 13 16 19
2 3 4 5 6 11 14 15 18 19
3 11 14 15 20
1 6 7 9 10 13 14
4 13 14 16 18 19
2 5 8 12 17 19
2 10 16 18 20
2 5 14 15 16 19
2 5 8 9 11 19
3 4 6 9 14
4 10 11 16
11 12 13 14 18 19
18 19 20
7 12 16
2 3 4 8 10 11 13 18
6 13 14 16 18
1 7 15 16 17
1 4 10 12 16 17
1 12 14 18 20
1 11 17
5
3 5 11 12 15 16 17
2 10 19
3 4 10 14 15 16 19
