7
8
19
5 9
1 12
3 19
8
14
13
7
12
13
12
9 15 20
19
4
7 20
17 19
7 8 13
18
4 10
10
5 17 19
9
3 18
11 12
6
14
4 5 6 16
5 12
20
4 6
8 16 20
3
6 9 15
11 20
2 6
15
8
9
6
6 10 15
18
15
8
7 9
5 11
3 7 13
11
8 19
15
3
16 18
9 17
2 7
8 13 14
13
5 16
13 20
3 16
16
6 8 13
20
20
9 18
6 8
8
5 17
11
12
8 17
5
2 17
14
12
3
11 12
8 12 20
5
16
6
9 13 17
1 14
8
10 13
3
2
16
9 17 18
2 3
7
19
17
13
18 19
16
1 14
19
20
7
16
19
3 4 11 14 18
10 20
8 11 20
19
14
5 12
2 8
18
6
6 15
14
1 2
7 9 17
3 8 18
2 3 12
12
6
2
7
1
2 4
2
14 16
9
5
13
15
1 8 10
13 15
18 19
5
1 7
10
2
10
11
4
11 18
2 4 18
4
2
11 19
5
10
5 16
8
4 18
10 12
20
2
15
5 19
2 13
13
1 3
12
9 12
19
2
10
3
2
5
9 13 16 20
11 19
5 7 16
19
2
16
13 14
3
11 15
5 7 16 20
5
15 16
2
15 17
13
4
8
5 13 17 18
9 14
3
2 13
8
7 18
16
8
6
8
19
14
7
12 16
4
4 5 10
4
13 18
