3 13 15 18 20
2 9 12 19
7 8 9 10 12 17
2 3 6 8 15 16 18
2 9 16 18
2 4 5 6 11 17
4 7 10 11 14 20
4 9 11 12 13 19 20
1 2 3 7 10 16
1 2 3 7 9 12
1 3 11 12 14 16 19
7 12 14
1 5 7 10 15 18
1 5 7 8 12 13 16 17
7 9 10 14 18
8 12 13 16
1 3 8 9 15 17
9 15 16 18
3 6 8 9 18
1 2 4 12 13 15 16
3 6 10 13 14 19
3 7 8 9 16 19 20
1 4 5 8 9 11 12 17 18
10 14 15 17 18 19 20
1 3 13 16 17 19
2 6 20
3 6 8 11 13 17
2 5 7 13 17
6 9 11
1 2 3 7 8 9 14 18 19
5 11 14 18 19
2 4 5 7 10 12 18 20
3 4 6 7 19
10 13 14
1 2 4 6 9 10 13
1 3 7
2 5 11 19
1 2 4 5 6 7 8 15 18 20
3 4 5 6 9 11 13 18 19
2 4 7 9 10 11 12 14 15 16 19
2 5 6 7 14 16 18
2 4 6 7 9 13 14 19 20
3 4 5 10 14 15 16 17
2 11 15 19
3 4 5 6 7 13 19 20
1 6 8 9 14 16 17 18 20
1 13 14 16 17 18 19
2 3 6 16
1 20
4 7 9 18
3 7 10 11 13 14 19
6 7 16 18 19 20
1 3 6 10 11 12
1 3 4 7 12 13 16 19
15 20
1 10 15 16 19
1 2 5 10 12 15 16 18
2 3 9 16
1 6 12 14 16 18
4 6 9 10 12 15
3 6 7 18
3 5 9 14 18 19
6 11 16 17
5 13 14 17 20
1 3 8 9 14 15 18
6 8 11 13 18
3 5 6 8 13 14 15 18 19
3 10 12 13 16
5 7 8 9 13 14 17 18 19
1 5 7 9 10 11 15
1 5 6 8 16 18
9 10 17 19 20
2 5 6 10 12 13 16 19
2 3 4 8 9
10 19
9 13 14 18 20
3 9 18
1 2 4 5 6 7 11 12 13 15 20
2 3 4 7 13 15 16 18
1 2 3 5 8 9 11 17
6 9 14 18 19
2 4 9 20
2 3 10
3 4 5 8 9 10 11 18
1 2 7 8 11 12 20
2 10 11 18 20
8 10 14 17 18 20
1 2 3 4 9 16 19
2 3 4 10 16 17
8 12 13 14 20
4 6 7 14 16 17 20
1 2 3 6 13 16 18 20
7 8 12 13 14 17 18 20
2 3 6 8 9 12 20
1 3 4 7 12 13 17
8 9 10 18 19
10 18
1 2 4 8 9 10 11 13 17 19 20
2 4 9 12
1 7 8 10 11 16 19 20
1 3 6 10 14 16
1 7 13 16 19
20
1 5 10 14 15
8 10
1 4 12 16 17 20
1 5 13 16 19 20
9 11
4 10 11 13 14 18
1 5 10 11 13
3 4 5 8 12
1 2 4 6 7 8 10 11 12 13 15 18 19
1 8 9 13 15 18
2 4 8 14 17
4 5 6 10 12 19
2 10 11 16 18
1 2 4 6 7 9 15 16 19
5 6 7 10 12 13
3 7 9 18 20
3 6 7 8 13 17
2 8 11 12 16 17 19
1 3 6 10 12 15 18 20
6 14 17 19 20
6 8 10 11 13
7 9 12 20
1 7 9 20
2 7 18
3 13 14 19 20
4 9 11 15 17 18
9 10 13 17 19 20
1 2 4 5 18
2 5 6 8 10 16 17 20
2 4 7 12 13 20
1 14 18
8 9 12 14
1 12 14 19
1 3 6 9 10 16
2 3 5 6 8 9 17 20
1 4 6 13 15 16
1 4 10 18 20
1 4 6 19 20
2 5 8 13 15 17
6 7 9 13
2 8 13 15 18
2 5 7 8 11 17 19 20
8 14 17 20
4 9 11 12 16 19 20
3 5 8 12 16 17
4 9 11 19 20
2 3 7 8 12 19
5 8 12 18 20
5 8 9 17 18 19
2 3 4 5 10 11 13 14 15 18
3 5 6 7 9 15
2 4 7 8 9 10 14 15
8 9 13 17
6 13 15 19 20
11 16 17 19 20
2 7 13 15 20
3 8 9 13 16 19 20
5 6 8 11 15 18 19
1 2 5 9 11 16 17
8 9 10 20
1 7 13 19
1 2 4 13
1 3 7 11 13 14 18 20
6 8 9 13 14 15 20
5 6 9 11 13 15 17 20
5 12 14 19
7 11 12 13 18
1 6 9 10 11 17
1 3 5 6 12 19 20
1 2 5 7 9 10 12 13 14 15
4 7 15 18
2 7 9 15 17 19
3 4 10 11 14 15 16 18 19 20
1 4 9 10 17
1 2 3 5 6 7 10
2 6 14 15 18
1 3 5 6 7 15 20
8 9 12 20
2 6 11 14 15 16 18 20
1 3 6 11 12 16 17 20
2 8 10 11 13 18 19 20
2 3 13
3 5 6 11 19
2 4 6 7 9 17 20
2 4 6 9 14 17
5 13 19
2 14 18
2 3 6 8 9 12 16 20
1 2 5 15 16
1 3 5 8 13 14 15
1 3 4 5 7 13 14 15
2 3 4 5 7 8 11 16
3 11 15 18 19
4 14 17
1 2 3 8 9 12 13 14 16 17 20
4 7 8 18 19
1 9 10 12 13
