11 14
18 19
9
4 6 12 18
7 8 13
16
7
5 11 13
3
5 12
6 11 13
2 12
7
2 7 9
2
18
16
4 11 15
10 16
8 9
18
13 17
1
2 17
19
2 10 12
4
3 19
12 15 17
2 4 16 19
12 16 17
5 10 12 17
9
2 19
4
19
9
1
6 10 13
5 10
1
5 12
6
7 8 9 10 13
7 10
15
15
18
4 9
16
14
2 4
11
2 16
4 11 19
5 9 12 17
8 9 13 16
2 3 9
6 7 13 19
1 14
15
13
3 16
2 4 6 15
6 10 18
1 15
8
15
3 11 20
9 10 14
7 9
14
3
7 18
2 5 15 16
4 6 15
3 6 14
6 10
5 10 18
7 10
3 18
1 2 6 10 17 18
12 13
6 19
20
13 19
3
5 17
1
13
1 5
16
1 4 6 12
2 7 14
2 14
3
2
6 17
3 4 6 8 12 15 16
2 12 13 15 19
1 4 6 8 16
1 6 10
9 20
17
15 18 19
16
17
17
3
11 15
4 11 19
5 6 7 9
4 16
1 5
6 7
3 12
3 4 16
3 15 18
5
1 12
7 14
5 13
14
8 9 15
4 5
6 11 15 20
5 12 14
14 16 18
17
7
7 16
2
11 13
8
17
10 15
2 4 7 10 12
3 4 10
8 9 16 20
3 8 10
8 10
3
13
11
9 10 15
2 6 8 11
3 11
1 5
17
19
4
14
14
3 5 13
3 4 11
17 19
17
1 9
6
18
5
1
9
7
6 11 15 16
8 9 13 15 18
11 14
3 6 8 12 18
1 12
11 18 20
5
5 20
4 12 16
8 9 12 13
3
15 19
20
3 17 20
14 17 20
3 5 18
18 19
2 7 13
14
10 17
7 16
1
2 6
8 14
10 14
3
2 3 6
16 18
4
4
1 17 20
6 15
14 20
2 8
20
2
