5
3 9 11 17
1 6 16 19 20
2 9 12 14 15
1 9 11 17
2 3 8 10 17 19
9 10 11 13
2 5 7 12 16 20
6 9 14 17 18
8 14
1 4 8 9 19 20
12 17 18 20
4 7 11
14 15 17
2 3 4 5 10 13 14 16
1 10 12 13 15
1
3 5 9 19
12 13 18 20
5 10 11
1 3 11 16
1 6 7 11 15 19
7 11 13 15
1 5 8 12 17 19 20
6 17
1 4 13 14
2 6 7 8 13 14
1 3 6 11
2 7 8 9 11 18
9 10 17
4 5 6 7 14 19
4 7 8 9 14 18
13 14
3 8 9 17 18 20
8 16 19
5 6 9 16 17 20
4 7
1 8 14 17 18
14 16
15 17
2 11 16
10 11 12 13 18 19
3 6 8 10 17
4 12 20
5 9 13 16
4 6 7 9
5 13 14 15
4 13 16
4
5 6 9 12 13
8 11 12 13 15
8 12 15
3
1 7 10 15
4 9 11 13 14 18 20
9 11
3 17 19
1 10 14
1 8 9 12 14
7 14 20
2
11 16 17
2 16
3 12 18 19 20
4 9 10 11 12 14 15 17
1 3 4 14 15 16 20
2 7 10
2 5 10 19
6 12 15
2 4 13 19
1 5 18
7 12 15 16 17 20
5 6 7 8 13 14
5 11 14 19
5 14 19
4 6 11
5 8 9 15 17 18
8 11 13 18
3 6 7 9 10 12 15 20
3 12 19 20
3 6 8 11 16
12 14
1 2 3 9
3 4 17 20
1 4 6 14 15 16 20
6 7 8 13 14 17 20
4 8 10 13 14 15 17
9 10
17 18
1 2 7 10 12 15 20
1 3 6 8 11 12 17
7 8 13 17
1 2 6 19
3 5 13 19
2 3 6 10 19
1 3 11
4 13
4 17
2 3 16 19
3 13 17 20
14 20
2 3 4 6 10 14 15 16
1 13 17
2 15
10 13 15 19 20
3 5 12 18
1 11 17
14
1 10 12 18 19
18
1 7 13 14 16 18
12 16 18 19 20
1 9 15
3 6 12 16 17 18 20
1 2 14 20
5 12 19 20
8 16
1 3 6 9 18
4
8 18
2 4 6 11 12 18
4 5
1 8 10 11 19
6 8 12 18
1 10 12 13 17
1 2 6 11 12 18 19
1 7 8 18
7 9 10 11 13 16
3 8 18 19
4 9 18
4 10 13
3 6 7 10
3 8 9 14 15 20
2 9 15 16 18
5 17 18 19
17
1 3 6 12 17 18
11 14 15
8 13 19
5
4 5 9
2 4 9 14
2 8 11 16 18
12 15 16
6 13 17 19
2 4 6 9 12 17 19
9 16 17 19
2 4 6 12 15 18
11 17
1 3 5 9 11 16 20
5 9 12 13 16 20
1 3 4 6 9 13 15
5
1 12 13 14 19
4 5 15 16
8 9 16 20
16
4 20
2 12 14
17 19
1 4 8 12 13 14 15 17
2 5 7 10 12 14 15 18
11 15
1 9 13 17
3
3 18
12 15 16
5 9 13 14
14 15 20
8 17 18 19
3 5 10 13 17
2 4 17
19 20
9 10
1 3 15 17 18 20
1 4 9 15 16 20
4 7 12 13 15 17
1 8 18
2 16 19
4 19
8 9
1 4 7 8 9 12 16 18 20
4 13 20
5 12 15
1 4 15
6 10 14 18 19
1 2 3 6 7 8 14 17
5
7 9 11 14 15
1 2 5 8 10 18
2 8 13 19
3 7 9 11 17 18
1 5 12 13 14 19
1 14 16 20
4 5 9 13 14
6
2 6 13 14 18
4 5 6 11
4 10 11 12 14
2 7 10 13 16 20
