13 18 19
2 4 5 10
1 14 15
19
7 19
9 12
4 13
2 5 7
5 20
2 3 11
4 9 11 12
1 9
18 19
8 9 10
2 11
1 2 5 10 16
5 18
19
4 6 7
1 5 14
4 5 10 12
9 18
7 17
5 6 8
5 8
7 18
1 4 14 20
3 15
7 14
1 3 9
19
6 7 15 19
6
9 15
13 18
7 9
3 10 17
10 11 12
2 5 12
9 14 18 19
4 5 9 12
2 13 19
15 17 19
20
1 9 10 11 13 14 16 19
6
8
7 15 18 20
1 13 15 18
5 13
7 11 12
6 7 17 19
1 3 5 13 16 19 20
10 16
2 3 6 8 11
4 5 8 13 15
6 12
9 11 16
1 7 12 20
3 9 13 14
9 10 14 16 19
6 12 15 18
11 16
1 9
11 15 17 20
2 6 10 13 15
11
11 17 18
16
4 14
13 15 16 19 20
4 7 8 12 15 18
4 7 17
1 5 10 13 19
6
1 2 16 19
2 4 13 14 20
2 9 12 15
15
19 20
9 16 20
6 8 11 19
2 12 13
9 14
2
5 7 8 13
10 13
9 12
2 11 15 19
4 6 15
9 12
14 17 18
4 15
1
2 17
14 15
12 14
1 3 4 10 15 17 19
9 11 14 18
13
1 4 8 13 16
2 19
6
7 18
1 2 7 9 10 12 15
2 6 20
4 9 17
11 13 17 20
3 6 7 14 20
8 13 14 16
17
1 9 12 20
8 18 19
1 16
12
7
10 11 13
1 19
4 6 11 18
12
2 12 13 14 15 17 20
2 7
13 20
9 16 18
8 11 12 18
1 2 3 17
8 18
2 6 9 18
4 5
4 5 9 13
6
1 2 15 17 18 19
7 9 10 17 18
2 11 15 20
2 9
16
2 7 15 18 20
6 9 10 11
3 16
4 11
9
5 12 13 15 19
3 8
1 6 18
4 10 16
2 7 8
5 7
2 7
1 4
6 14 17
3 4 5 7 14 18
4 11 13 15 17 20
7 10 19 20
3 11 13 15
2
7 9 15 20
6 13
3 5 6 8 15
8 12
2 8 10 11 20
1 4 8 10 14 18
11 13 18
18
2 8 12 14 16
14 15
9 12 14 18 20
6 13 16
4 6 13 17 20
3 6 14 15
2 3 10 13 15
1 2 16 19
8 9 11 18
1 7 9 19 20
8 9 13
3 5 9 15 18
1 3 7 18
1 7
2 3 13 15
5 6 17
10 14 15
3 9 17 20
2 4 5 13 14 17
2 14 16 18 19
10 11
3
3 8 13 15 17
5 8 15 17
2 17
1 2 13 16
4 7 8 12 17 18
2 3 13
2 6 12 16 20
11 13 18 20
2 4
2 8 10 13 18 20
6 9 17
2 5 9 11 12 19
2
14
4 8 9 18 19
