9
4 12
1 2
13 19
14 16
8
6
11
3 18
19
14
8
4 11 17
11
1 8 10
11
15
20
4
1
1
2
2
5
3
11
1 3 4
1 17
8 19
6
13
3 9 20
9 18
5 9
18
5
10 20
18
1 12
8
5 8
7 13
1
11 15
3 15
16 18 20
2 17
18
3 12
11
6
12
5 15
8
3
5 9
3 14 17
19
13
4 15
19
7 10
2
14
20
17
10
15
7 9 14
4 11 16
9 14
1
5
13
8 20
3
1 12
20
6
12 19
14 16
1 17
18
1 12
9 14 20
1 14
15
1 9 13
19
19
12 17
9 16 17
10
2 4 7
2 13 16
4
5
6 12
15
2 3 20
4 13
9
2 3
8 12
18
10
7 9
5
16 19
9
5 14
7
5
8
19
9 11 13 17
8 19
5 20
15
7
1 2 5 18
10 14 18
3 7 9
5 9 11 13 19
17
11 12
8 12
1 13
7
2 19
7
5
10
4
4 5
8
9 13
4
3 9 17 19
13
1 9 17
3 19
6
7 8
5
3
4 13
10 11
2 13 19
5 7 10
15
11
19
18
5
10
13
3 6 9
4 7 18
3 4 9
2 4 20
5
17
3
3
4
7
7
13
7 19 20
3 5 6 11
6
17
1 3
16 18
2 6
15
1 11
10 11 19
2
6
9
2
12 15 16
17
20
1
9
3 10
10
16 19
3
9
13 18
2 10
1 20
1 20
14
2
11
