4 12 15
5 16 20
6 7 9 14
7 14 18
1 2 3 4 5 10 17 20
7 8 10 13 17 18 19
1 8 9 10 12 15 17 19 20
5 12 17
7 9 12 16
7 18 20
4 7 8 20
9 12 15
9 11 12 16
7 8 9 15 18
4 6 10 13 18 19
6 10 12 15 16
4 6 7 10 12 15
3 7 9 12 13 16 18 19 20
6 10 11
6 7 8 9 10 11 14 15 16 18 19
2 7 15
2 7 8 15
3 8 10 12 15 16 17 19
1 7 9 12 15 17 18 20
1 4 17
8 11 16
2 7 8 14
1 5 14 15 18 20
2 3 4 7 8 13
3 6 12 20
3 4 16 18
2 8 10 11
1 2 11
4 6 11 12 13
1 7 12 14 15 20
3 5 6 8 10 15 17
4 5 6 7 17
2 3 6 11 17
3 12 18 20
6 9 10 13 14 16 17 18 19
5 6 12 17
4 11 12 13
3 4 6 9 16
6 8 16 19
1 6 7 15 20
11 14 17 18
3 5 9 11 12 15 17 18
5 7 13 14 17
5 6 8 13 15
11
12 13
1 2 4 10 20
9 17 18 20
6 7 9 12 13 14 15 17 19 20
5 6 13
17 20
7 8 11 17
2 3 6 7 11 17 19
3 4 8 16 17 18
9 16 17
2 5 14 17
1 10 11 15
7 8 12 13
12 16 17 18 20
9 10 14
4 11
1 10 14 15 17 19
7 11 13 14 15 17 18 20
9 10 11 14 20
8 9 11 13 17
2 4 6 13 14 16
3 10 11 18 19
2 4 6 7 14 16 17 19
4 10 14 15 17 18 19
4 7 8 10 19
2 6 12 13 16 19
4 5 8 11 13 18 20
2 3 4 5 6 13 15 17
2 11 16 20
1 2 8 11 20
6 8 10 14 15 16 18
1 2 6 9 10 12 13 17
2 4 5 7 13 15
3 9 14 15 16 17 19
4 9 12 20
4 9 11 14 15 20
5 8 10 17 18 20
1 2 8 13 17
5 7 9 11 15
5 7 9 10 14 20
3 4 5 8 11 13 16 17 18 20
1 3 10
1 2 4 9 12 13 15 16
4 7 9 15
10 11 12 15 16 17
1 2 12 14 16
1 2 4 8 13 15 17 19
3 5 9 12 13 17
4 13 14 16 17 18 20
6 8 10
3 7 9 10 12 14 17 18
4 7 14 16 18 19
1 2 3 16 17 18 19
3 5 10 15 19
13 14 17 20
2 9 10 13 20
2 3 6 13 16 17
1 2 3 4 6 7 12 18 20
1 6 10 13 16 18
5 7 12 15
5 7 9 17
9
2 5 6 7 11
1 5 6 7 13 18
6 15 16 17 19
5 8 12 14 18 19
10 20
6 9 13 15 18 19 20
3 5 12 13
2 8 10
1 2 12 14 19
1 7 11 20
1 3 6 7 10 12 13 18
6 12
2 6 8 17
1 7 8 14 17 20
1 5 10 20
7 10 11
1 4
2 3 5 9
1 4 5 6 16 18
1 2 5 6 10 17 19
1 4 6 9 14 15
4 12 17
14 16 17 18
2 6 14 17
1 4 6 9 11 14 19 20
7 8
5 12 14 15
1 2 3 5 20
7 19
4 7 8 12 14 18 19
1 4 16 17 20
4 8 9 12 13 19
1 3 4 8 9 18
1 3 12
1 2 4 10 11 16
1 13 15 16
1 6 7 10 19
1 2 9 14 15 17
2 6 7 9 11 12 13 17 19
1 6 7 10 14 17 19 20
14 17 18
7 9 11 17
3 4 5 7 8 9
1 5 9 10 12 15 16 19
13 14
1 2 3 4 5 8 9 12 14 18
1 3 4 6 9 14 15 18
1 5 6 7 8 9 11 14 18 19 20
3
1 3 11 15 20
3 5 6 12 14 15 16
2 5 11 12 13 19
2 8 11 12 14 18 20
6 12 17
7 10 13 14 15
4 6 8 11 12 14 17 18
4 5 11 12 13 17 18
7 9
8 16
2 5 8 11 17
8 10 11
1 14 17 18
2
3 6 19 20
1 4 7 14 17 18
7 8 9 10 16
1 5 7
4 9 11 18 20
8 12 15
5 7 12 16 19 20
6 7 9 11 12 16 20
8 10 12 13 16
4 11 14 17
4 14 15 16 20
1 3 5 11 12 13 14 15 20
4 6 7 11 18
1 6 17 19 20
1 2 3 7 8 9 17 18 20
1 3 7 8 10 12 19
9 10 11 18
2 13 15 18
1 5 6 7 9
15 16 19
10 15
1 2 3 10 13 14
1 2 6 7 13 15 16 19 20
10 11 12 14 16 17
8 11 13 18
