19
15
10 11
4 5 9 18
20
2 14 16
4 6 16 19
4 8
8 11 13
2 7 8
7 17 19
1 3 4 9
15 17 20
1 4 8 19
1 17 18 20
3 11 18 20
6 16
7 10 18
9 13
6 16
8
1 7
3
2 13 19
1 20
8
11 20
1 4 16
1 4 9
9 14 18
1 16
5 18
9
3 4 20
8 18 19
6 16
19
10
1 2 16
5
5 8 16 20
2
2 3 14
7 19
5
11
12
2 3
6 12
5 12 16
2 7 16 17
3 8 12 16
5
19
19
18
12 13
1 5 11
2 12
1 16
12
3 8
15
1 13 14 17 18
6 15 19
6 7
10
7 12 15
4 6
13 20
15
6 8 11 17 19
20
8 17
1 10
20
3 7 14 16
2 11
2 15
18
5 8
6 10
15
5
14 16
2 6 16 18
11 19
1 3 15
10 12
4 5 8 10
12
10 12
3 10 19
6 15
12
12 18
15 19
14 17
1 3 7 9 15
14
5 11 19
8
18
6 8 19
8 12
17
18 19
6 13
11 12 14
9
15
17
10 15
4
12
13
15
4
9 17
2
5 7 20
3 5
2 12
5 8
5 6
2 6 8 14
9
11 17
2 3 5 7 18
3 5 11
9
1 15 19 20
3 14 15
6 11
5 9 11
7
4 7
15
20
8 17
3 9 14
5 11 18
6 20
6
6
1 10
5 20
2 5 19
10 18 19
3
6 13 14
11 13 17
3 18
2 11
9 10 16
13 16
5 16 19
4 5 12 14 15 20
4 10 12 18
6 17
1 7
16 18
1 8 15
6 19 20
7 8 10 20
8 18
1
6 14
2
5 10 17
4 13
20
6 11 16
10
20
6 8 11
2 5 9 13 15
1 3 15
12 14 16 19
6
1
9 20
1 7 8
11 16 20
9
1
9 11 14 16 17 20
10
12 16 17
10
7
17 18
13 20
1
5 14 18
3
5 14
4 13 16
2 4 9
4 20
