10
4 8
11 13
9 11
6
15
11 12 17
17
6
3 16
14
15
13
5 8 20
12
4
4 19
2 15
4 7 14
4
12
19
5 8 20
19
2 12 17
15 16
7
6
1 3 13 17
3 10 12
10
12 17 19
10
6 15
8
1
5 15 19
11
12
7 15
3
5 11
12 13
4 18
5 6 9
2 19
5
2 5 11
4 13
7
11
3 6 19
15
1
3
14
1
3 19
9
3 6 14
13
15
2
1 7 12
7
10 11
8
20
1
12
11
5
15
16
6 12
2 4 11
2
3
14
7 20
14
1 17 19
16
10
2
9 16 17
18
4
11
1 3
2
8
13 18 19
20
6
16
16 18
11
2 6 9 16 20
4
9 18
13
9
11
9
15
5
15 17
20
5
3 15
15 17
17 18
10
2 20
3 12 19
10
17
1 10
1 3 14
20
13 14
12
4 10 14
12 14
8 13 19 20
13 20
12
20
5
13
16
5
2
16
17
5 10 19
16
18
2 9
6 8
6 12 16
11 20
13
10
15
7
10 11 12
17
13 15
9 14
11
4 18
8
7 13 16 20
3 9 11 14
12 19
15
8 10
19
17
5 12 19
13
11
8
1 13 16
18
20
11
5 7 12 20
1
10
3
8
19 20
1 20
1 12 14
12 15
9
13
10
16
1 15
10
2
6 20
1 5
12
7
17
15
5 19 20
11 12 13
3 9 12
8 11 19
10 14
18
18 19
1
11
