2 5 20
5 7 15 17 20
9 10 13 20
10
9
4 5 10
2 5 12 14 17
7 8 12
10 12 15
1 14
2 7
18 20
4 7
4 8
8 12
8 18
2 4 19
6 7 9 17
17
3 4 8
5
5 18 20
2 11
7 13 17
3 5 7 8 14
3 11 13 16
4 5 6 8 9 11
6 16 20
9 10
1 2 3 17
5 9 13 16
10 18 19
1 3 6 18
14
1 6
1 3 12
3 4 6 10 19
20
1 7 15 16
2 14
13 16
3 12 14
5 8 16
9 11
1 13 20
6 7 15 19
6 8 12 19 20
5 9 14 17
12 18
1 12 19
2 3 5 8 10 11
1 9
2 9 12 15 19
1 17
12 16 19
4 5 8
5 8 11 16
1 10 15 17 20
4 14 15 16
20
2 15 16
6 16
4 6 12 14
11 13 16
1 7 14
1 3 5 6 18
4 10 11 12 17
8 14 18
15 18
1 2
8 16
11
2 13
17
9 10 15 18
5 20
1 2 6 13
2 18
7 13 14 15
12 16 17 18 20
14
7 9 17
2 8 11 19
5 9 12 17
1 6 7 11 15
4 5 10 14
4 12 18 19
1 6 16 18 19
5
2 5 7 9 10 12 17 18 19
2 4 12 17
8 9 10 12 14 17
5 14 15 20
14 20
5 12
16
8 10 18
1 6 12 19
8 19
4
6 16
1 12 13
3 4 7 20
16
6 8 10 18 19
1 2
3 8
7 17
4 5 9 12 14
10
7 11
3 10 13 16
8 12
4 5 11
2 6
3 4 6 8 19
11 12 13
17
3 7 15 18
8 18
10 11 14 17
20
5 20
5
10 14 15
4 7 12
14
5 18
6 9
7 18
6 15
7 14 16 18
15
3 9
14
2 5 7
1 11
9 11
6 15
12 14 20
5 7 19
5 7 10 16 19
3 9 12 14 18
7
1 17
8 10 17
11 15
7 8 9 10 17
7 11 16
1 3 8 9 11
10
1 2 7 12 13 18 20
9 16
2 3 11 14 19
6 9 14
5 20
4 5 13
4 18 20
2 11
1 13 19
5 7 11 12 14
7 9
7 20
7 8 18
6 7
2 5 8 13 19
2 6 19
7 13 14 18
11 16
2 7 10 16
5 16 19
1 10 12 16 20
6 16
3 14 15 19
9
9 11 16
4 7 19
3 4 5 9 11 18
4 8 9 11
2 3 6 16
1 16 17 20
19
3 7 12 17
1 4 14 18
4 12 19
2 15
3 5 9 14 15 18 19 20
3 12 15 16 17
4 8 11 15 16 17
1 9
6
3 4 7 13 14 15
5 7 13 15
2 13 15
2 4 19
4 9 14 17
1 7 9 10 16
6
6 10 12 13
7 11
