3 16 17 18
4 9 18 20
4 8 13 19 20
2 3 13 20
7 11 12 15
5 12 13 17
3 9 10 11 18
2 12
1 2 3 4 6 14 20
7 14 20
14
11 13 15 17
3 8 10 12 19
9 12 13 16 17
1 7 9 15
7 8 13 14
2 8 9
1 2 4 8 19
3 5 13 20
10 13 19
2 3 4 10 13 14 19
3 5 6 10
1 7 10 12 13 16
1 8
4 5 15 17
3 16
8 9 12 15 20
5 10 12 13 14
7 8 20
2 4 5 8 13 14 19
2 5 11 12
3 9 11 16
3 9 11 12 18 19
1 9 10 13
3 4 18 19
7 9 10 13 20
5 12 14 17 19 20
1 6 14 20
1 3 4 9 14 15 18
2 6 8 13 17 18
1 3 11 17 19
10 14
6 14 15 18
7 14
4 10 15
10 13
1 2 4 5 9 11 12
6 10 11 19
14 17
3 17
2 9 20
7
8 14
1 3 8 10 13 14
1 6 8 13 15 16 19
4 12 15 17 18
1 3 7 9 11
2 3 6 9 11 13 14 16
3 4 7 20
1 3 6 10 15
8 13 17 20
8 13 19
6 10 17 20
7 9 11 15 18 19
13
6 9 10 13 19
1 8 13
4 5 6 15 20
15 19
2 8 12 14 15 17
3 6 12 13 16 18
6 7 10 11 20
1 6 8 10 11 12 14
2 4
8 18
4 6 8 11 17
11 14
5 13 15
1 4 5 6 11 15
3 6 8 9 11 14 15
2 5 8
3 4 12
2 5 12 15 18 20
3 14
5 7 9 16 19
1 4
1 8 11 14 16
8 17 18
3 5 16
4 9 16
1 5 9 11 20
5 9 10 13
3 6 8 11 20
7 13 15
4 6 7 9 11
7
5 10 14
19
2 4 6 9 11 17 18
3 8 12 19
17
2 3 6 15 17
3 14
1 9
4 8 10 11 16
8 16 18 20
2 5 7 8 13 15 17
3 5 6 8 9 10
5 6 13 16 20
8 9 13 14
5 9 10 11 14 20
15
2 5 9 16 20
2 13 16 18
1 6 15
5 10 12 18
2 8 13 15 16
3 9 11 16
10 19
4 9 11 16
6 9 10 11 14 18 19
9 14 19
7 9 12 17
1 4 5 8 11 15 17 20
1 2
9 12 16
7 14
7 14 18
9 13 18
1 6 9 11 16 20
17
1 15 18
1 18 19
2 3 8 10 19 20
2 7 15 16 17 20
5 8 11 13 16
5 6 20
1
1 3 4 7 11 12 17 19 20
3 7 9 12 20
8 20
3 16
11 16 19 20
3 5 9 16
1 2 3 9 12 18
4 7 10 18 19
5 11 12 13 19
2 8 14 15 17 19
3 9 15 18
2 14 15 16
6 13 17
5 9 10 12 19
7 9 17
5 8 15 16 19
10 14 20
1 4 8 12 13
7 11 19
2 4 6 8 15 16 18
5 14 17
3 9 11 13
2 4 10 12
1 14 16
5 6 19
3 12 13 14 17 18
7 18 20
4 10
14 16 20
7 8 10 11 16 19
4 9 18 19
2 9 11 13 20
2 3 5 7 8 11 17
1 2 4 7 20
6 8 11 15 18
4 15
5 9 17
3 4 16
3 4 5 6 8 12 13 16 17 19 20
16
1 4 9 14 16
1 2 12 16 20
5 6 12 17
1 4 8 10 13
5 8 10 11 20
1 4 9 19 20
3 7 8 12 13
1 15
1 4 7 10
1 7 9 11 14 15 16 18
4 6 7 8 15 17 20
3 5 6 7 9 13 18 19
2 12 16
1 5 6 8 9 10 13 19
7 8 10 14
1 5 11 13 14
5 11 17 20
11 13
7 11 16
4 5 12 13 14 15
3 7 10 16 20
7 14
