2 4 5 6 9 11 19
3 6 7 19 20
1 3 5 8 9 10 14 15 18
3 8 9 17
5 11 19
1 5 8 14 16 18 19
1 5 6 7 8 10 15 19 20
1 4 10 15 18
8 9 10 11 12 14 15 19
4 5 6 11 14
1 2 7 8 13 18 19 20
9 11 17
2 6 9 10 11 15
2 3 6 12 19
1 2 11
1 7 9 13 14 18
2 4 7 10 14 15 19
1 2 4 10 12 13 18 20
2 4 7 9 10 15 18 19 20
3 4 6 8 12 13 16 17
2 4 7 9 10 14 16 19
1 3 4 7 8 10 17 19
3 4 5 8 10 12 14 18
1 4 5 10 11 12 13 16 18
8 17
11 15 18
1 2 8 9 10 11 14
1 4 5 6 13 14 19
2 8 9 12 17
2 4 6 7 9 13 14 20
1 2 5 10 20
1 2 6 8 11 14 17 19 20
1 9 13 16 17 18 20
1 2 6 9 17 18
1 4 5 10 14 15 18
5 12 13 16 18 19
2 4 7 9 10 11 15
1 6 7 9 11 12 13 16 18
1 3 16
9 10 12 14 15 18 19
3 4 7 9 10 13 16 17
5 9 10 12 14
3 6 10 14 19 20
1 2 6 7 9 10 11 12 16 18
2 3 6 9 11
2 3 8 10 11 12 13 16 17 19
1 2 5 11 14 18
5 7 12 13 17 18
1 7 12 16 17 18
6 8 9 11 14 17 18
2 4 11 12 13 14 15 16 20
1 6 8 11 13 14 16 19
10 15 17
1 4 8
3 5 6 9 10 13 16 20
1 9 11 12 13 14 16 19 20
7 12 13 14 20
2 4 7 9 10 11 12 13 15 19
5 12 13 14 15 17 19
1 2 5 10 14 19
2 12 15 17 20
3 5 8 10 11
1 2 5 8 13 14 15
1 8 12 16 18 19 20
5 7 8 11 12 13 17
2 3 16 17 18 20
2 5 6 10 12 13 19
2 5 19 20
1 2 3 4 5 12 16 19
1 2 4 8 10 12 16 18
2 3 6 7 9 13 14 17 18 19
2 4 5 6 7 9 10 11 17
1 3 5 6 9 12 17 19 20
2 3 5 8 13 15 16 17 18
2 3 16
5 6 8 12 14 16 18 19
2 5 8 11 14 16 17 19 20
1 4 7 12
3 4 15 16 17
7 11 12
1 8 9 13 14 17 20
4 6 9 11 17
1 8 10 13 14 18
4 7 8 11 12 13 16 18 19
1 6 9 10 16 17 18 19
1 4 7 8 10 11 13 17
2 5 7 11 14 17 18 20
2 3 5 6 8 9 10 15 16 18 19 20
1 4 5 6 7 11
1 6 10 12 13 15 20
2 5 8 9 15 16 17
2 5 6 7 11 12 16 17 18
5 8 10 14 18
1 6 8 11 13 14 15 19
2 4 5 8 12 13 15 18
1 6 7 8 11 12 15
2 3 4 6 9 10 14 16 17
4 6 11 15 19
1 4 13 18 19
4 6 9 10 13 14 15 19 20
3 4 5 9 10 12 13 15 19
1 7 9 10 12 15
2 5 6 10 12 14 15
1 2 4 7 8 9 12 16 18
1 2 4 5 7 9 10 13 15 20
1 4 6 7 13 16 19 20
1 5 6 7 9 13 15
3 12 19
1 2 3 4 10 17 18 20
1 3 9 10 14 16 17 18 19 20
8 16 17 19
6 10 13 17 19 20
2 3 6 8 9 10 14
4 6 10 13 16
8 14 15 16
1 7 8 9 10 14 18
2 9 11 12 13 14 15
8 10 12 16 17
2 5 6 11 13 17 19
4 6 12 19 20
1 2 5 12 13 18 19 20
1 5 8 14 15 16
2 4 7 9 10 11
2 4 6 9 11 13 19 20
1 3 4 5 6 7 8 9 10 11 13 14 16
1 3 6 8 9 10 16 20
2 4 5 7 10 12 17 18
7 17 18
4 12 13 16 17 18 20
6 9 15 16 18 19
1 2 6 9 12 13 20
1 5 8 9 10 12 19
1 4 5 6 14 15 16 17 19
9 10 11 15 16 18
4 7 12 18 20
2 9 10 14 16 18
3 5 11 12 13 16 18 19
2 6 11 12 13 15
3 4 6 10 12 13 15
3 4 5 6 8 19
1 3 4 8 11 13 14 15 16 19
2 3 5 7 8 9 10 14 17 18 20
4 10 11 12 13 14 16 17 18
4 11 12 15 17 19 20
2 18
1 3 4 5 10 12 13
4 5 9 11 14 15 16 17 20
2 8 9 10 11 14 18 19
1 2 3 10 12 16
3 6 8 10 11 16 18
3 5 7 10 13
4 5 6 7 8 15 16 17
1 4 5 6 10 11 12 18
3 6 8 15 16 18 19
1 5 13 19
8 11 13 17 18
3 5 12 17 18 19
1 3 4 6 9 10 11 12 13 16
1 4 6 10 11 14 16 18
3 4 5 7 9 10 12 13 14 16 17 19
5 8 11 15 16 19 20
3 6 11 15
2 7 9 11 13 14 18 20
6 9 16 18 19
3 4 8 10 11 15 16 17 18
6 7 9 16
3 6 7 8 10 11 12 18 20
7 10 12 15 16
2 13 15 16 20
1 4 7 8 9 13 18
1 2 8 9 11 13 14 15
2 4 5 8 10 12 19 20
9 11 12 14
1 4 6 8 9 10 11 13 14 15 19 20
1 4 13 14 20
5 9 13 14 15 16
5 9 15 18
2 9 12 15 16 20
1 9 19
5 9 11 12 13 15 16
1 3 4 7 14 20
1 4 6 7 8 15 16
2 9 10 13 15 16
2 8 10 11 12 18
1 7 8 13 14 16 18 19
4 6 7 8 10 14 17 18
4 5 8 13 16
3 5 6 7 11 14 15 16 19 20
2 5 6 10 15 17 19
1 3 6 7 13 16 18
6 11 12 20
1 2 3 4 10 19
3 6 12 13 16 18
1 8 17 18 20
2 7 8 9 12 14 18 19
1 5 8 10 11 13 15 17 18 19
2 7 10 13 18
4 5 14 15 17 18 20
9 10 11 19
3 4 7 8 10 12 13 14 15 18 19 20
