9 10 13 18
17 18 20
2 6 10
10 18 20
8 10 12 13 14
19 20
1 2 3 4 5 18
6 10 16 18
9 10 19
9 14 20
8 13 14 15
4 8 12 19 20
4 5 7 12
3 4 8 14 16
1 2 16
5
1 2 16 18
1 2 8 9 17
2 16 17 19
2 3 6 7 9
15 18
1 6 7 13 15
6 13 16 19
15
4 10 12 16 17
4 12
1 11 13 14 18
4
1 9 11 13
2 7 9 10 11 17 18
11 19
17 20
1 2 10 13 15 16 19
1 4 10 15 18
1 4 17 20
1 5 7 14
8 18
6 8 14 16
6 7 14 19
2 10 14
10 16
3 6 11 20
4 6 8 10 14 19
15
2 5 10 18
1 4 7 14 16 17
4 7 10 11 18
3 4 8 14 16 19
1 6 7 11 14 18
2 13 19
1 5 7 8 20
4 14
1 3 10 14
4 8 9 18
6 10 11
16 19
2 4 5 13 15 17 19
4 7 10 17
1 10 11 13 18 19
6 18 19
2 11 16 19
12 13 15 17 20
3 5 14 20
7 9 20
9 17 18
9 20
3 4 8 14 15 17
5 16 17 18
3 5 13 14 16 18
7 8 10 14 15 16 17
1 2 5 6 7 9 14 17
3 6 13 14 20
1 7 11
19 20
4 9 19
3 10
2 10 19 20
8 13 18
3 8 9 14 16 18 20
8 12 15 18
8 15 19
1 13 17
1 10
1 5
2 3 13 18 19
4 10 15
5
1 4 9 10
4 15 18
12 14 15 16 19
7 12 16 17
13 16
7 13 15
4 6 7 14
2 4 5
3 12
7 10 17 19
5 7
2 3 4 6 7 14 15 16
2 10 15 20
4 8 15
7 18 20
7 10 14 16 20
6 8 9 10 11 18 20
4 14
1 3 8 9
6 9 14 18 20
5 9 10 15 18 20
3 5 9 11 14 15 18
5
2 15 16
3 6 9 11 17 19 20
4 11 18 19
5 11 14 15 19
2 6 14 18
8 13
13 15 16 19
12
9 11 12 16
4 5 6 15 17 18
8 13 15 19
10
6 12 20
1 6 7 8 9 12
6 9 11 14
4 6 7 9 10 16
2 14 15 17 19
1 8 12 15
8 11
1
9 10 11 18
4 10 19
1 12 13 16 20
7 19
1 9 11 15 19 20
4 5 11
7 8 14 15 16
1 4 6 10 20
6 10
15 17
1 2 4 18 20
2 3 4 6 12 19
2 18
4 8 11 17 18 20
2 8 17 19
6 12 16
4 8 9 11 12 15 17
11 18
13 16 17 20
3 4 6 7 10
1 6 8 15 18 19 20
2 6 11 14 16 17 19
2 5 11 12 16
3 11 14 16 17 19
2 5 8 17 18 19 20
9 16 20
1 3 10 12 16
3 4 10 11
3 9 10 14
5 13 20
2 7 13 15
1 5 11 14 19
10 17 20
1 5 9 15 17
2 12 15 20
15 18
4 12 16
7 14 16 20
1 4 5 9 18
3 5 8 11
5 6 7 14
7 9 11
8 10 13 17
3 12 15
6 7 11 16
3 19
2 5 20
6 13
2 5 6 10 11 14 18
4 10
2 9 11 12 14 17 20
5 13 16 19
4 15 17 19 20
10 14
1 3 6 8 13
9 10 13 15
13 15
4 5 11 17 18
4 13
3 4 12 15 17 18
1 14 15 20
6 10 11 13 14 16
2 9 14 16 19 20
2 4 15 18
5 9 15 20
4 13 14
3 15 20
9
6 10 11 13 18 19
8 10 12 14
