1 4 8
15
6 11
3 17
3
15
4 8 12 14
19
1 15
3 16 19
6
4 5 8
1 14
10
1 3 14
8 16 17 20
1 11
3 9 17 18
9 13 16 18
6 7 12 20
13
10 15
4 9
2
8 9 10 17
2 15 18
4 5 9 20
3
5 13 18
9 15
14 15
10 16 20
1 9 18
20
12
1 11 13 20
8 15 16 17
5
14
1 8 17
2 3
5
5 11 17
8 13 15
3 5 20
13
5
4 9 18
3 14
7 13
7 13
5 7 17
4 12 18 19
8
13 14 18
7 19
1 10 17
10
4
7
7 20
6 11 16 17
5
1 19
19
4 14
7 17 18
5 10 15 19
14
3 7 12
3
5 18 19
6 11 12
3
6
10 11 15
4 7 14
10 15
4 6
2
10 19
2 8 14
1 11 12 16 20
9
1
6 8 18 20
7 15
4 7 16
2 10
6 11 12 15
4
3 13 19
15 19
11 14 16
11 16
5
15 20
6
1 3 5 11
6 15
3 5
8
11
19
2 3
2
8
2 4 5 14 20
2
1 3 14 15 19
3 11
1 6 11 18
11
17
9 14
17
2 9 11 14 15
5
11
8 12
7
3 9 18
6 11
9 11
1 5 18
4
18
1 3 5
4 12 17
3
1 19
20
19
7
7 12
7 19
8 10 16
7 10 15 16 18
6
2 10 12
2 8
12
11
14 18
1 10 13
5
1 12
15
1 19
10 18
1 19 20
3 15
1 2 14
10 11
13
7 13
2 8 18
12
3 12 14 20
5 7 15
14 17
5 13 18
4 5 12
11
16 19
19
7
7 13 15 18
1 18
3 4 8
16
1 6 7 17
4 7 17
2 10 11 18
20
2 12 14
20
1 3 4
17
5 9
1
10 13
1 6 20
5
6 15 20
3
1 5 7 18
9
7 13
15
11 12 16 19
17 18 20
3 8 11 14 20
6 12 18
4 6 8
3 10 12 13 15
18
5 13
2 4 14 18
2 10 17
