1 8 12 14 15 16 18
1 3 6 13 15
10 12 14 16 18
3 9 10 12 19
5 18 19
1 6 9 13 16 18
11 14 17
5 6 14 20
1 2 3 5 12 17 20
3 10 12 15 19
1 7 9 12 20
3 4 6 9
15
2 4 7 10 12 14 16
4 6 9 12 18
1 2 5 8 19
3 4 5 6 8 10 11 12 20
11 12 18
5 7 14
3 5 6 8 14 15 16
1 5 8 9 14 15 20
1 2 6 10 12 13 16 20
6 8 12 14 16 19 20
3 12 17
7 10 16 17 20
8 10 15 16 17
2 7 11 13 16 18 19 20
1 5 11 17 18
5 6 15 17 19
2 3 8 18 19
6 12 14
3 4 5 9 10 18 19
6 9 12 15 16
4 7 9 14 15
1 2 5 9 13 19
1 2 5 6 11 12 18
10 15
2 12 17 20
3 11 20
16 20
4 5 7 8 9 15 18
5 11 12 13
3 7 14 20
1 7 8 10 11 13 19
5 8 18
4 10 12 15 19
4 5 8 9 10 14 15
14 16 18
5 6 11 14 16 19
1 6 10 13 19
6 10 14 16 19
3 6 8 12
1 3 4 9 13 15 16
1 3 4 12
1 10 11 16 17
6 9 12 19 20
8 12 13 15 18
6 7 9 12
1 19
6 8 9 11 12 17 20
6 8 17
2 3 5 7 12 18 19
1 6 14 16
3 5 8 9 11 17 18 19
1 17 20
2 3 10 13 18 19 20
5 6 16
1 6 9 11 18
1 3 4 7 12 15
1 8 9 14 16 17 19
2 6 11 12 17 20
1 5 7 15 18
3 5 6 11 15 17 19 20
2 15 17
1 8 13 16 18 19 20
2 3 6 7 8 16
5 17
5 9 12 13 14 15 17
4 16 17 19
1 5 15 16
2 7 9 10 16 17 19
5 6 7 10 20
2 4 5 10 11 14 16 17
1 8 11 13
3 12 15 16 20
3 4 6 7 12 13 17 18
2 4 6 10 13 14 16
4 5 7 8 9 11 12 14 19 20
5 11 16 18
7 11 13 14 15 17 18 19
9 10 11 13 15 19
3 9 13 16 17
5 6 9 16 17 18
3 5 11 12 15 18
11 12 15 16 20
3 4 9 11 18 19
8 15 17
4 7 9 10 12 14
1 2 8 10 18 19
5 6 14 17 20
9 10 11 14 19 20
3 9 14 15 17 19
2 4 11 17 20
3 6 10 11 18
17
6 7 9 19 20
1 11 16 17 20
1 3 6 10 19
6 7 8 9 12 17
2 3 5 8
4 7 10 14 16
11 18
9 10 11 12 13 15 18
1 8 13
11
5 9 13 14
6 8 9 14 15 16 19
7 12
4 11 16 17 19
3 5 6
18
2 5 6 8 12 16 18
5 10 11 14 16 17
3 4 5 6 7 20
1 2 5 7 16
7 11 12 19 20
4 5 10 11 15 16
2 4 6 11 12 13 17
2 6 16 18
1 2 4 11 19
1 3 12 15 18 20
11 14
2 3 5 11 14 16
2 4 7 15
4 6 11 13 17
3
4 17
4 11 16 18
3 6 11 18 20
2 10 14 16 20
3 6 7 8 19
4 6 16 19
7 12 15 19
8 16
8 12 15 16
1 3 20
4 7 9 20
7 18
2 6 12 14 16 18
3 6 16 17 19
4 9 10 12 17
1 3 4 6 15 18
4 8 9 16
4 7 11 14 15 17 19
2 7
1 4 8 14 19
2 10 11 17
5 7 8 9 13 15 16 20
2 12
3 4 8 11 12
5 10 15 16 20
4 9 19
5 6 8 9 20
1 2 5 6 13 14 17 20
6 9 10 12
6 11 14 15 17 19
2 10
4 10 14 17 18 19
2 3 4 5 14 20
2 3 4 6 13
2 7 9 12 17
3 4 6 10 11 15 17
4 5 6 7 10 13 15 16 20
3 5 15
1 7 20
13 14 17
1 17 18
5 7 12 13 17 19
4 8 14 16 17
4 8 10 12 16
2 7 13 14 17
6 7 11 13 15 19
2 6 11 12 14 17 18 19
2 3 4 6 7 8 9 11
12 14 19
4 7 10 11 17
4 6 9 16
1 2 7 10 12
4 10 11 14 18
9 11 16
3 6 9 10 12 13 19
2 3 9 11
1 2 9 10
7 19
10 14
4 5 10 11 12 15 20
2 3 5 11 13 16 17
5 8 10 11 12 16
6 13 16 17 19
9 17 20
