8
7
3
2 3
8
4 14
2 14
11 14
3 19
4 15
20
18
10
9
7
6 19
1
10 20
5
16
5 15
7
9 11
17
6 10 13
14
3 19
5 9
4 5
7
4 6 7 13
1 2
2 9
19
7 11
17 19
18
6 18
4 14
6
12
5
6
8 17
9 20
19
8 10 20
7 8 13 18
8
7
1
3 9
10
1
7 20
13 15
10
13
3
2 17
4 12
7
20
5
6 11
4 6
17
3 14
2
13
15
5
5 11
15
12
19
6
17
5
16
3
7 16
1 10
4
7 11
11
12 15
5 18
17
19
5
5 18
6 14
1 6
5 17
20
14 17
10 18
19
11
13
5
2
1 3 15
16 17
11
2 15 17
2
12
8 18
3 14
2 18 19 20
20
9 17
14
13 20
2
5 10
6
6
14
5
12 18
9 14
6 8 18
9 16
20
4 16
11
6
20
16
1 2
7
16 18
5 19
18
16 18
3
7
17
19
1 11 13
7 14 19
2 4
3
11
12
2
10 13
1 4
6
19
2 15
2 6 15 19
4 20
5
17
4 16
13 20
12
9 12 13 20
9
2 19
5 11
12 16 18
11
4 7 8
5
8
5 11
7
1 15
8 9
6
6 10 13 15
10 13
13
8
4 13 15
4
12
5 20
3 5 6
10 13
17
12 20
13
1
15
10
5
4
9 15 20
18
11
5
4
3
20
