1 20
4 6 7 11 17
4 9 12 14 17
4 5 7
2 14 20
10 16
8 9 11 12 17
12 13 20
3 18
4 6 17
7 8 11 13 14 15
10 12 16
4 12 15 17 19
5 17
2 8 12 15 17
16 17 18 20
11 20
4 8 9 12 16 17
4 18
2 4 8 11 17 18
8 10 16
15 16 18
11 18
1 4 5
2 17 19 20
11 16
8 10
11 17 20
7 10 15
5 7
2 3 4 6 10 12 14
1 3 13 16
2 5 9
1 11 15 20
8 10 14 16
12 17 20
1 9 15
3 11 14 17
2 9 12
3 14 17
3 10 13 14 19
5 11 12 17
11 17
3 6 8 20
8 12 17 20
5
2 11 12
6 18
7 11 12 15 18
1 2 12
5 14 15
6 11 16 17
15 16
1 2 3 4 14 17 19
6 20
4 6
2 13
1 3 5 7 11 16
2 9 10 14 17
4 7 20
13
5 6
19
1 5 6 8
7 20
8 14
3 4 11 12 14
1
6 16
3 12 13 15 19
4 6 8 19 20
1 2 4
5 7 9 10 18
1 2 8 14 18
3 4 7 13
3 12 20
9 11
1 4 10 13 19
3 16 18 20
8 19
3 13 20
16 20
7 18
1 8 9 11 12 15 20
13 14
4 18
4
4 7 14
7 8 16
3 10 12
6 7 9 15 16
8 16 20
14 20
4 8 9 14 15
1 3 8 17
2 5 8 9 15
2 12 17
3 7 13 15
6 7
3 8 12 20
8 15 19 20
4
17
13 16 19
9 10 14 20
1 8 15
9 19
7 8 11 16
2 6 9 14
4
2 11 15
11 20
6 7 13
7 16
1 4 7 15
10 11 13 16
10 15 16
12 14
7 9 13 16 18 19
2 7 9 15
7 13 17
1 10 11 16 19
2 7 9 17 18
12 13 17 20
1 3 17 19
5 15 16
1 15
10 13 15 18
3 13 14 18
1 8 10 12 19
2 14 19
10 12 13 15 16
17 20
8
7 19
3 5 18
1 8 9 16
1 9 11 17
3 4 13 17
3 5 15 16 18
3 10 17
18 20
13
1 2 5 6
3 11 16
2 15 17
3 10
1 2 9 13 15 20
17 20
9 10 13
5 17
3 5 7 20
6 10 12 15 18
3 6 9 10 14 15
1 3 8
2 14 17 18
11 16
8
4 11
7 10 13 20
7 10 17
7 9 11 15
18
3 7 9 18
11 13 15 17
5 13 16 17
4 5 11 19
10
2
9 10
6 11
5 7 8
4 17
4 9 12
9 10 11 13 15
6 12 19
3 5 8 9 11 14 17
3 5 10 12 19
3 6 7 10 15 18
4 5 11
11 16 17 19
1 3 7 11 14
4 6 10 11 14 15
9 10 12
3 8 16
9 12
1 3 7 8
3 5 13 14
5 11 12 15 18
7 18
17
4 8 9
4 11 15
7 18
12
4 7 8
7 12 13 14 19
1 3 9 13 17
4 5 9 12 14
12 15 16 17
