15
15
16
5 7 10
6 15
4 5
7
2 5 7
8 20
2
4 5
6 19
11 16
4 20
4 6 17
6 20
4
8 9
17
11
10
15
9
2 3 5 15
6 16
3 17
17
2 8
3
11 13 14 16
1 3 15
16
6
13
10
8
14
20
5 17
19
20
1 18
15
2
19
13
1 9
19
14
18
2 7 20
20
9
19
4
3 12 15
4 19
11
11 17
2 18
4
18
7
11
19
12 18
6
11 17 18
3
9
7 17
10 16
19
7 18
8 17 20
19
15 20
5 17
3
3 19
12
1
19
1 6
2
16
8
20
16 20
6 16 18
17
3 7 18
4
10
4
1 14 16
19
7 20
17
10 16 18 19
11 12
8
3 6
2 8 17
1 17
16
14 20
15 19
19
14
2
15
18 20
3 5
8 10
8
16 17
10 19
8
10
10
3 20
14
13
19
2
20
4 6 10 11
1 7
4 6 18 19
12 19
9
16
8 17
13
9 19
9 20
2 6
1 9 10
7
7
4 19 20
2 11
10 14
9
16
11
15
12
1
2 6 8 10
5 11 16
2
3 7
18
5 8
15
7
2 6 12 14
15
7
6 15
9 10
8
19
3 13
1 17
20
18 19 20
10 17
3 10
9
16
18
16
1 3 5 7 10 12
7 9
8
7
16
10
18
18
13
19
20
13
3
4 15
4 5 20
1
18 20
3
4
11
4 7 12
1
9
2 5
4 17
