11
2 16
2 18 20
12 17
6 7 9 10 12 14 16
1 2 12 16 18
9 13 16 20
3 4 6 12 15 18
3 7 13 19
4 6 9 15
15 16
1 14 17
3 5 20
3 5 6
2 10 13
1 12 20
2 4
3 14 18
2 3 13 15 16
6 11 15 19
8 9 10 17
3 13 18
1 2 5 13
5 13
1
6 10 13 18
4 13
17
11 20
5 11 13 17
8 9 19
10 11 12
2 4 5 17
3 7
2 3 9
10 19 20
4 10
2 14 17
5 12 14
13
1 5 13 17 19
11 13 16 18
3 9 12 13
3 12 18
4 6 10
3 15
9 18
5 13 16 17
12 15
4 6
7 10
18
9 13 14 20
4 12
3 11
2 3 14 18
9 11 17 18 19
4 18
3 8 9 14
8 9 12 20
2 6 8 11 17 18 20
3 5 6 8 17 20
7 9 13 14
8 9 11 17
5
1 2 6 10 18
1
4 10
7 11 13 19
5 9 10 14 15
12 14 15 19 20
4 8 10 18
6 7 15
1 7 9 11
19
11 15
7 9 18
16
2 4 12
4 15 20
2 6 13 16
6 18
5 7 8 9 16
9
20
2 5 6 17
1 2 5 14
1 2 14 17
1 8 20
8 9
1 10 13 15 19
3 9 11 16 19
6 17 19
9 17 20
6 9
1 16 18
3 9
7 8
4 9
12 15
5 6 14
5 9 19
2 13
1 3 5
4 5 9 13
4 8 10 12 19
4 8 11 20
3 5 9
10 11 13 19
3 5 16 20
9 11 13 14 20
3 20
3 4 7
2 6 20
1 6 7 12 17
2 3 4
1 2 3 4 9 11 17
6 7 8 15 16 18
6
8
4 7 20
4 11 13 14 20
12 14 20
5
7 13 14
8
2 6 19
1 2 8
2 5 9 10 11 13
6 11 13 16
12 15
8 10 12 13 16
3 8 10 11 18 19
1 17 18
8 12 17
2 4 7 9 15
10 14
10 19
4 11 13 18 20
2 8 17
2 3 4 6 16 20
9 11
3 12
1 5 9
7 18
4 9 12
6 15 17
1 2 4 16
4 14 15
2 9 19
3 5 11 12 15 16 19
6 15
9 20
3 5 10 20
2
2 8
7 8 12
3 20
7 18
8 18 20
4 7 8 19
1 8 13 19
7 13 19
3 16 20
16 18
1 15 19
8 12 13 14 15
9 11 13 16
9 13
2 5 7 8 10 12 18
3 7 19
7 17
6 13 14
6 8 13
1 6 11 15 19 20
10 15 18 19
2 3 9
1 13
4 6 19
13 16 17 19
12 13 16 18 20
7 10 15 18 20
1 15 16
2 9 15 17 18
4
7 18 19
8 14 16
9
11 14 15
19
2 11 13 18 20
5
2
2 12 14 15 20
3 10 12
4 10 13 16
7 13
18 20
4 12 18
4 16
