1 2 6 7 10 12 14 16 19
3 9 12 14 15 16 20
1 8 12 13 14 15 18 19
3 4 13 17 18
1 10 19
4 12 15 16
2 3 5 6 11 15 17
4 5 6 10 14 15 16 19 20
3 7 9 11 12 16 20
1 8 9 10 14 15 16 20
4 12 13
3 4 7 9 11 15 19
1 5 6 7 8 12 14 15 16
3 10 16 17
2 9 11 13 17
1 3 6 12 13
1 4 5 6 16
2 3 4
4 8 9 12 16 17 19 20
3 8 9 10 11 12 14
1 3 4 5 6 8 10 14 17
6 15 18 20
2 11 12 13 14 19
1 4 9 11 13 14 20
3 12 19
2 3 4 13 14
3 9 14 16 19
2 4 5 10 16 17 19 20
3 5 6 10 14 19 20
8 9 10 13 14 16 19
1 4 8 12 13 14 16 17 20
4 6 9 10 11 12 14 16
1 2 4 13 16 18
1 2 4 5 6 11 12
4 7 8 9 12 16 20
7 9 10 13 18
1 2 3 6 7 10 12 15 16 19
1 2 5 10 14 16 17 18 20
2 5 9 10 11 14 18 20
6 11 18 20
10 11 13 17
1 5 9 15 19 20
5 6 20
1 2 3 7 10 13 14 16
2 6 8 11 13 15 16 19
15 20
5 7 8 11 12 16 17
3 5 7 17 18
4 10 11 12 14 15 16
2 4 5 11 12 14 18 19
1 4 5 9 10 18
1 3 4 5 11 14 17 20
6 10 15 19
4 9 11 20
1 4 6 10 13 17
4 5 7 8 10 12 20
8 9 12 13
7 12 13 15 16
1 2 6 8 12 20
1 2 16 17 20
3 6 11 16 19 20
4 7 8 12 14 17
5 6 9 17 19
4 6 7 8 17
9 15 17 19
2 5 8 9 12 13
9 13 16 18
1 4 12
1 3 7 15
2 3 5 13 17
7 13 14 15 17 19
2 3 10 16 17
4 6 7 9 11 14 16
5 16 17 18
1 5 6 8 10 12 16 20
1 3 6 17 18 19
6 10 12 17 20
2 4 11 19
1 2 4 5 15 17
4 8 9 12 18 19
4 5 7 9 10 11 13 14 16 17 19
2 5 12 16
9 10 11 17 18
2 6 17 19
4 10 12 15 18 20
4 5 7 9 12 16 18 19 20
10 14 16 20
3 15 16 17 18 20
1 2 4 9 13 20
9 10 12 18
1 2 6 10 19
3 5 7 12 13 18 20
2 5 10 12 18 20
2 7 11 15 20
9 10 15 17 19
1 2 4 5 8 11 12 13 15 16 17 18
7 8 9 11 13 14 19 20
1 4 5 6 8 9 10 12 13 19 20
3 9
5 6 9 13 14 15 18
1 4 5 6 11 13 14 16 18
6 7 11 14 16 19 20
2 3 6 8 9 19
2 3 9 12 13 14 15 18 19
4 7 8 19 20
1 4 8 11
2 6 8 9 10 15 18 20
2 9 13 16 18
5 6 10 13 16 18
8 9 13 14
6 7 8 9 12 14 15 18 19
2 3 7 8 9 19 20
2 9 10 11 13 14 15 16 17
1 10 12
6 7 10 12 15 16 19 20
2 7 9 14 18
2 4 6 7 12 13 14 15
6 7 8 10 12 18
6 9 14 15
11 12 14 17 18 20
2 10 11 15
4 6 8 18 19 20
1 3 7 10 11 12 17 18 19
7 10 11 12 13 15 17
4 5 10 13 14 16 19 20
1 2 6 7 8 9 11 13 20
2 4 9 12 18 19 20
1 2 4 11 13 17 18
1 8 9 10 16 17 18 19
3 10 13 16
1 11 12 15 16 18
1 2 5 11 13 15 16 17 19
6 9 11 16
1 3 4 5 9 13
1 5 7 12 13 14 15 16 17 18
3 4 13 17
2 8 9 11 12 14 17
3 4 14 17 18
1 11 15
4 11 15 20
2 17 18 20
2 5 6 10 11 13
1 8 11 13 18
2 3 5 6 8 9 13 16 18
8 12 15
2 11 12 13 15 16 20
2 4 6
6 12 13 17 18 20
15 16 19 20
1 9 13 14 15 19
2 12 13 20
3 5 9 12
9 11 13 18 20
1 2 3 4 7 8 11 13
3 4 5 7 10
12 14 16 18 20
5 8 14 15 16 17
5 10 18 20
2 6 8 14 17
2 6 8 16 18
2 4 5 6 12 13 15 18
11 14 16 19
3 9 11 19
1 3 8 9 11 13 18 20
6 8 17 19
1 7 8 12 13 15 20
7 13 16 18 20
3 4 6 9 10 15
2 4 5 6 15 17 19 20
3 5 10 12 15 18
6 12 14 16 20
3 6 8 9 14 15 17
2 7 12 15 18
7 9 10 11 16 17 18 19
12 14 20
1 2 12 13 15 16 19
3 10 13 15 16 20
3 4 9 17 18
13 18 20
1 7 11 13 15 17
5 11 12 13 19 20
5 6 8 10 13 19
3 8 9 16 18
2 11 20
3 7 9 18
3 15 19
4 9 12 13 17 18 19
1 9 16 18
1 4 7 9 10 13 15 16
1 4 9 10 12 13 16
1 5 8 14 16 19
6 7 10 19 20
5 9 13 18 20
1 2 5 9 10 11 16 17
3 6 7 14 15 17 18
2 7 8 11 15 18
3 11 12 13 20
8 9 10 12 13 14
1 2 4 5 14 15 18
1 7 9 10 12 19 20
