12 18
2 4 19
2 4 5 18
7 9 19
3 5 8 11 17
7
3 11 18 19
8 11 18 20
6 15
11 12 16 19
7
3 7 11 13
20
4
6 14 17 20
4 6 8 12 20
1 7
11 14 15 18
7 16
1 2 8 15 18
7 9
8 10 16 18 19
4 7 14
7 11 18
2 8
2 5 6 13
5 8 9 10 11 12 19
13 14 19
9 11 17 18
6 8 20
1 5 6 8 10 16 19
3 6 9 13 16
3 6 12 14
6 8 14
6 9 17 18 19
2 3 7
3 8 10 12 17
6 7 13 18
3 4 15 18 19
2 9 15 17
2 5 6 9 11 13 14 15 16 20
3 7 8 10 18
5 7 13 17 20
5 9 11
1 3 8 12
3 4 5 10 13 16
1 5 7 12 15 18
11 12 13 15
2 9 10
4 6 10 13
3 4 7 19
2 6 8 16 20
3 6 9
12 16
12 19
2 5 8 9 12 17 18 19 20
1 6 15 19
4 19
14 15 16 17 18
2 6 9 16
2 7 10 19
3 9 17 20
3 17 18
3 8 10 11 12 19
14
1 3 8 11 15 18
3 5 6
8 12 15 20
1 4 5 7 13 16 17 18 20
1 13
6 9 12 18 19
3 4 5 11 17 18 20
2 9 17
5 8 14
1 6 9 11 12 13 20
3 6 8 16 18
1 5 15 16 18
9 16
3 5 17 18
1 2 4 8 11 15
1 5
6 12 15
1 2 10 12 15 18
1 8 10 11
6 11 12 19
3 7 9 10 11 18
2 17
4 7 16
3 5 8 9 11 19
1 5 6 14 16
3 7 13 14
16 17
5 6 12
7 8
8 15 19
2 6 12
3 8 14
1 2 12 13 14 19
14 18 20
11 13 19
6 8 10 16 20
3 13 16 17 18
5 8 9 12
5 9 14 17
3 11 18
1 2 3 8 10 20
12 16
8 10 12
2 3 6 7 9 12 15 16 19
15 20
7 11 16
2 20
2 10 13 19
13 20
11 17
1 2 3 4 11 20
11 13 15 17 18 19
20
4 5 7 10
6 7 11 14 15 19 20
2 4 5 14 17
4 11 13 15 16 17 18 19
3 10 15
1 4 5 16 18 19
1 4 18
10 11 13 17 19
20
1
3 8 9 10
1 5 8 11 13 20
9 11 13 16
2 7 8 10 11 16 17
1 13 14 17 18
3 6 7
5 7
1 6 13 18 20
13
14 17
3 4 8 9 10 16 17 19
12 17 18
6 8 11 15 20
1 2 11
8 20
2 4 12 14 16
3 11 20
4 5 12 14
1 5 9 17 20
9 10 11 13 17
10 15
5 11 18
2 4 11 15 17
1 2 5 14 16 20
5 19
1 4 5 6 9 13
14 20
5 11 14 17
1 2 15 16 19
12 13 15
8
16
2 14 16 18
2 3 4 9 11 12
2 7 8
9 12
7 10 15 20
8 9
1 8 17
4 7 13 15
8 12 13 15 19 20
15 20
10
1 5 6 9 11 16 20
1 11 15 18
10
4 11 15 18 19 20
1 9 12 13 20
5 6 8 10 11 20
2 3 8 11 17 20
2 7 8 14
6 13 18 19
4 13
2 6 7 8 12 18 20
1 4 7 9 17
1 5 7 8 11 12 14
16
13 17 18 19
2 15
19
2 10 11 13
5 12 16
7 9 14 15 19 20
5 12
4 7 12 17 18
2 6 9 14
2 7 12 13 18 19
2 4 7 10 13 16 18
3 8 11 13 18
6 7
3 6 10 11 12 13 19 20
2 11 12 13
