1 11
7 11
3
8 18
19
9 13
9 12 14
5 6 7 20
4 7 13 16
10 16 17
6 11 14
11
1 19
10
4 8 11 15
7 14
6 13
7
6 15
11
9 20
16
12
2 14
2 6 7 18
7
8 9 13 16 17 19
4 19
7 8 14 18
3 6 8
7
12 15
8 10 12 16
16
1 5 20
17
2 8 10 19
4 6 10 19
1 6
17
2 6 9
2 13
4 20
13
2 7
4
12 14
2 3
19
10 19 20
11 15
1
8 11 18
7 18
5
3 12 16
6 10
18
2
2 8 9 11 16
19
5 10 14 20
14 19
1 9
5
11
7 12 18
7
3 4 7 10 13
20
2 3
3 11
2 5 6
3
3 10
7 20
5 10
1
2 15 16
4
4 6
1
17 20
5 8 18
9
4 6 15
7
12 18
10 14 15 17
17
6 10 19
2
4 17 19
6 13
18
10
1
1 17
8 17
5 6 11 14
10 11
7 12 14 17
11 14
16 17
2 9 12
17
19
4 14 18
10 12 20
3 13
9 17
1 18
8
12 14 18
19
4 5 12 18
10 12 14 15
9
16 18
5 15
4 10 11 13 14
3 4 14 16
6 11 13 19
5 10
14 15
7 18
7
6
1 9 10
11
2
2 7 16 19
4 15
6 18
2 15 16
20
2 4 17
1
8 10
1 3
1 8 9 14
13
4 5 10
7 17
4
4
2 10 16 19 20
5
4 14 20
2 7 20
4 5
6 16
2 10 12 16
3 10 12 17 19
8 11
2
1 16 17
2 9 11 13 17
9
1
3 6 8
9
12 19
14 17 19
17 19
10
4 8 18
11 12
11 20
8
7 8 16
20
5 8 15
7
4
2 11 14
16 19
5
4 6 10 14 18
12 14
10 19
4 13
1 4 20
18 19
20
19
5 14
15
8 12 14
7 8 19
19
4 5
4 15
17
9 15
11 12 15
1
7 11 20
6 12 18 19
2 19
