2 5 11 13 17
4 11
1 8 10 13 18 19
1 11 12 15 16 17
1 3 4 7 8 9 11 19
11 12 17 20
5 6 8 9 10 12 13
3 11 14 16 18
6 7 14
2 6 7 9 10 17 20
4 10 12 13 15 20
3 5 6 7 13 17
3 6 9 18
1 7 15 16 17 20
2 8 11 15
1 3 5 6 11 13 15 17
4 6 7 19
2 5 7 13
3 7 8 9 12 17
1 4 5 6 8 10 14 16
1 5 8 11 15 18
2 7 9 10 13 14 15 18 19
1 3 6 14 19 20
1 15 16 18
7 11 19 20
1 6 10 11 12 14 18
3 11 12 16 19
2 3 7 9 16 18
7 10 12 14 16 17 18
2 5 7 16 17
3 7 8 13 19
1 4 5 6 10 11 12 14 19
1 8 12 13 18
2 17 19
1 4 7 12 16 19
9 12 13 16
3 15 16 18
3 4 6 7 16
2 6 10 19
11 13 17 20
2 6 9 10 12 18
5 6 9 14 18 20
3 17 19
2 5 7 14
1 3 10 11 19
7 8 9 11 13 16
3 4 5 10 12 19
8 13
5 7 10 13 15 16
3 6 11 16
5 9 13 14 20
2 7
5 8 18 20
1 2 3 7 12 14 15 16 18 20
5 9 15
2 5
11 13 16
2 5 6 12 17 18 19
2 12
4 5 14 20
4 7 9 11 14 16 20
8 9 18
7 8 11 13 14 15 16
3 6 8 9 17
4 19
2 9 10 11 15
3 10 14
6 10 19 20
3 11 14 19
1 2 4 9 10 11 16 19 20
8 11 14
1 5 11 14 19
2
4 5 8 15 20
1 3 9 11 19
3 10 18
5 8 9 10 14 18 19
1 4 8 10 12 17
2 3 7 11
1 2 7 9 10 18
3 5 6 8 16 18
1 2 5 6 9 10 18
1 10 11 18 19
4 6 12 14 15 16
1 5 9 11 13 14
1 5 6 9 10 12 13
2 4 5 8 11 20
1 2 7 8 12 14 15 18
3 7 17
5
2 6 9 10 16 18
1 11 12 16
7 10 14 15 17
5 9 10 20
3 7 12 16 19
1 3 11 15 16 18 20
3 6 14 16 20
7 9 10 14
1 5 16 18 20
4 5 7 13
2 4 13 14 18
2 5 6 13
1 5 12 15 17
2 4 8 9 12
4 5 6 8 13 20
4 5 7 9 11 15 20
2 8 10
5
3 15 20
4 8 11
2 6 11 12 17 18
6 7 10 11 12 13 14 16 17 18
8 13 17 18 20
2 5 7 11 13 16 20
1 4 7 12 13 16 17 18
5 8 19
1 9 14 17 18 19
8 18
6 8 10 11 15 17 20
1 2 7 10 20
2 5 6 7 13 14
1 12 19 20
2 4 5 7 16 19
2 3 6 10 11 13 18 19
1 6 7 13 18
14
4 5 9 10 11 14 15 17
1 11
7 12 13 15 16 19 20
2 3 4 8 9 10 11 15
6 11 13
7 14 17 20
2 7 8 9
2 8 9 20
7 9 11 13 14 15 16 17 18
6 10 11 16 17 20
2 4 14 19
8 9 11
7 13 18
1 10 13 16
1 6 13 18
5 8 13
3 11 15 16 17 18
19
2 3 7 14 16 19
6 14 19 20
3 7 17 19
3 5 12
8 15 18
3 6 13 16
2 8 9 10 18
1 4 9 12
1 3 8 18 20
4 6 7 10 20
10
9 10 12 14 18
10 11 12 13
1 2 3 12 15 20
5 7
4 16 20
3 4 9 10 11
3 5 13 20
2 4 8 9 11 13 14 20
3 10 13 15
3 8 16
5 8 12 16
4 6 9 13 20
2 7 9 16 18 19 20
6 12 13 18 19
3 5 13 15 16 18 19
2 17
1 2 3 5 10 17
7 11 12 19
7 15 20
3 10 12 13 18 20
1 3 5 12 15 16 17 18
2 6 7 10 11 12 14
8 11 12 15
1 2 5 16 19
1 10 14 20
4 8 17
1 2 4 12 15 16 18 19
9 13 18 19
4 6 7 11 16
6 8 15 20
4 6 12 13 14
1 5 6 14
2 11
1 2 4 9 13 14 15 16 17 19
4 6 9 13 16 17 18
1 6 16 19
4 5 6 10 11 12 17 19 20
2 3 8 9 15 17
3 5 9 11 13 15 16 17 18
1 3 12 16
4 5 8 19
1 2 5 6
5 10 14 15 19 20
6 15 16 18 20
2 7 11 15 17 20
