1 4 5 12 19
11 20
1 3 5 7 17
5
1 6 8
6 12 15
1 9 15
8 13
7 10 12
4
2 11
4 15 18
4 12 19
12
1 9 14 15 16 18 19
13 14 18 19
3 13
4 5 9
3 14
14 18
14 16
5 7 12 15
15 20
2 3 12 15
15
3 7 9 12 17 19
8
3 4 7 9 13 18
2 4 5 9
11
1 12
14 16
1 5 13 15 19
4 5 8
1 4 7
9
1
3 4 9 19
1 4 17
1 10 17
1 13
1 8 14
7 20
2 9 16 17
4 5 9 10
11 17
2 8 13
3 7 15 20
12 15 18 19
13 15
3 6 7
7 8
1 10
5 6 18
2 6 15 16
8
13 16 17 18
6 16 20
10 19
4 5 6 11 12
4 9
1 5 6 10 19
1 10
3
19 20
9
7 10 12
1 7 11
6
1 12 13 20
2 6 15
10 12
13
5 7 8 15 18
4 6 8 13 17 18
3 5 12 13 17
1 16
6
19
4 18
6 8 19
1 3
1 12
8 20
9
4 7 14
9 16 17
13
1 11 13
8 16
3 13 14 16
5
7 12 14
1 2 4
2 4 16 20
7 9 19 20
6 17
1 2 9 13 16 19
2 5 7 18
5 11 13 14
1 4 9 11 12 20
8 12 14
1 10
2 5 7 10
15 20
20
3 4
5 14 16 17 20
2 12 13
14 16 19
8
2 4 7 13
14 15 17 19
1 15 20
9
3 10 11 15 18 19 20
19
15 16 17 20
8 13
6 9
7 10 17
17 19
4 9 12 20
4 5 11 18 19 20
13 14 18
6
7 8 11
5 8
13 20
2 14 18
8 14
3 18
3 5 7 11 19
1 6 13 15
2 12 17 20
13 16
1 2 13 16 18
12 13 18 19
1 13
4 13 20
2 16
9 11
1 16 19
6 10 12 13
5 12 18 19
3 15 18
11 15 20
3 7 11 14 18
8 9 12
1 3 9 15
10 12
15 18
1 2 8 10
7 8 11 18
10 12
14
7 9
19
2 3 8
3 4 19 20
3 5 7 16
12 15
5 8 12 16 18
5 7
2 10 11 12
4 5
2 4 16 19
2 7 10
9
8 10
12 16
19
4
1 5 12 14 16 19
1 7 11
9
1 6 15
1 18
3 9
16 18
9
13 20
1 3 10 18 20
5 6 7 12 18 20
2 4 20
3 8 12 17
7 11
3 4 20
2 4 8 13 14
3 16 18
3 9 12 20
3 4 8 9 12
1 4 8 18
1 6 9 13 14 19
9
1 4 15 17
3 5 7 10
4 11
20
16 18
