3 7 15
1 8 19
6
9
1 2 10 15 19
9 13
10 13
6 7 17
15
4 10 18
18 19
6 18
13 16
9 16
1 2 19
2 15
15
1 8 10
5
13 20
7 15
2 8 13 15
5 7 18
19
5 8 16
10 14
4
18
13 16 19
5 11 18
5 10
1 17
10 16 18
17
12 15 20
2 15
11 16 17
12
3 7
11 15
5 6 15 16
5 13 14 16
6
12 17
19
2 10 13 17 20
1 7 18
2 10 14 16
7 8 9 12 15
3 10 17
15 17
8 13 15 16 17
2 17
6 16 18
5 10 14
11 20
1 4 16
15 17
1 16
13 16
16 20
15
1 19
5 9
11
2 3
11 19 20
11
9 10
10 13
4 10 19 20
19
11 17
14
2
3 5
3 4
11
1 11
1 5 11 13
2 8
12 16
6 9
16
3 7 11 20
13
8
5 8 9 14
3 13
1 2 5 14
6
5 14
10 16 19
3 9
9 13 15
5 6 7
6 9
13
1 11
1 2 18
10 15 20
6
15
5 10 11 19
15 17
7 14
16
1 15
4 7
5
1 4 18 20
2 6 11 13
7
9 17
1 5 6 15
14
1 4 14
9 13
3 9 12
14 17
11 12 14 15 16
9 13 19
6 7 13
15
19
9 10 11
17
5
9 10 12
7 12 17
4 18
4 7
5 9 17
11 12 13 17
14
4
5
18
6 8 14
14
10 11
2
8 13 15
9 15
11
19
1 13
1 3 18 19
9
11
3 8
6 12 19
11 17 20
12
6 9 12 18
6 17
6 7
9 10 19
20
2 5 7
15
7 10 20
5 10 13
11
8
9
7 19
3 7 11 13 19
13
1 16 20
9
13
13 14
11 17
4 8 13
3
14 18
10 19
10 12 14
5 8 10
5 7
11 12 20
2 5 15
1 9
3 11
16
19
4 20
1 7 13
7 13 15 18
6 7 12 20
8 9 14 15
4 13
3 6 10 15
1 3 18
13 20
8 17
7 20
9 13 14 17 18 19
2 4 14
