7 8 10 11 13 18 19
1 8
5 6 9 10 13 18
3 4 6 7 8 10
7 10 17
16 17
5 14 16 19
6 7 10 16 18
2 3 13 14 18
2 6 10 16 17 19
14 15
5 6 7 10 20
2 8 9
1 6 11 20
1 3 6 10 13 14 19 20
3 10 14 15 17 18
6 10 15 18
11 12 14 16
2 7
4 5 20
2 7 11 13 15 17 18
1 5 14
14 18 19 20
4 5 6 12 16 18 19
2 5 8 12 17
2 3 4 8 9 11 19
6 18 20
2 11 16 19 20
8 11 19
1 2 19
5 9 16 18 19 20
6 8 14
7 13
4 7
2 13 15 19
8 15 17
2 14
2 7 11
10 11
7 10 12 17 20
2 8 11 19
6 7 9 19
15 18 20
3 6 9 10 19
1 4 10 14 15 16 18
3 7
1 5 8 12 13
1 3 5 6 8 14 20
4 13
1 4 5 7 12 20
2 16 18 19
1 5 18
2 7 10 12 16 17 20
1 8 9 10 11 14 20
15 17 19
6 14 16 18
2 14 17 19
4 5 6 20
7 10 14 16
1 3 6 12 15 19 20
5 9 12 15
3 5 7 17
9 17
6 16 18
7 15
2 10 16 19
9 15
8 11 16 17
3 7 9 12 14 20
3 6
5 17 20
1 3 8 12
2 11 15 18
11 13
9 14 19
1 13 15 16 17 20
1 2 8 13
1 3 12 20
7 12 16 18
2 9 11 13 16
9
8 11 13 17
2 4 6 8 14 18 20
1 2 5
2 4 5 17
2 4 12 17 18 19
9 11 15 16 20
1 4 10 19
5 12 20
6 10 14 19
4 15
4 5 11 17
11
3 11 16
7 8 19
4 5 9 14
1 2 4 10
6 9 10 19
3 4 16
5 12 16
3 11 16 18
5 7 10
3 5 16
2 6 11 14
4 9 11 18 19
1 6 7 8 13
12 14
5 7 9
3 6 7 8 13 14 16 17 18
20
3 10 13
2 4
7 14 15 16
2 14
3 4 18
3 8 13 14
4 6 7 9 10 11 15
3 8 17 18 20
9 12 14 19
1 8 9 15
6 9 13 16 18
4 6 10 12 14
2 5 17 20
5 17 20
6 18
2 3 6 11 13
6 17
10
4 15 19
11 15 16
7 11 14 18 20
3 5 11
3 12
1 2 7 9 20
5 9 12 15
7 13 16 19 20
3 11
8 11 19
3 19
1 4 7 9 14 17 20
1 5 8 12 17
7 8 12
1 3 4 7 10 11
1 5 13 16 19
1 6 12 15
1 19
1 7 17 18
1 4 5 6 13
4 9 14 16 20
2 9 15
7 10 12 13 14 15 20
4 14 17 18 19 20
6 7 9 15 20
1 5 6 9 12
2 3 7 14 18
8 19 20
7 10 15 19
4 5 11 14 16
2 3 5 17 19
4 5 6 11 12 14 17
9 16 19
1 12
3 16 18
5 7 8 10 12 13 14 17
1 4 13 16
10 12 13 17
2 3 6 12 17
16 19
3 4 13
5 14 17
6 8 17 19
5 10 14 15 20
1 4 9 13 15 18 19
8 12 15 20
2 5 19
1 2 11
2 8 12 13 16 17 20
6 10 11 14
8 13
1
1 2 6 12 20
3 6 8 11 16
12 19 20
1 8 16 17
6 18 19
1 2 8 10 11 15 16
3 14
3 4 7 9 19
4 6 7 11
4 13 15 19
3 5 7 8 14 20
1 4 10 11 14 16
8 16 17
1
3 5 9 20
4 7 10 20
3
1 4 6 12 18 20
3 5 9 10 12 14 16 17
12 13 15
