12
9 10
19
1 11
9 12 14
9 18
9
14 15
13
16
12
4 11
1
4
12
9 19
18
16
3 8
4
9 19
4
11
5
2 3 20
11 12 17
8 17
5 7 15
1
9 14
4 6
8
5
10
2 5 6
1
13
4 8 14
5 12
5
3 4 16
14
6 10 12
7
9 14 18 19
11
7 12 13
2
9
18
11 20
2 16
17
6 9 12
17
8 9 13
13
2 13
1 6 17
20
6
1 4 8
5 13
5 17
6 14
9 11 15
8
2
11 20
5 10
15
7
16 19
2
5 11
3
10
5
1 18
8
18
13
7 15
5 10 12
4 11 18
3
12 13 15
3
1
20
11 17
12 16
10
9
9 14
7
2 13
3 7
4 18
2
15
7
2 14
8
1 3
7
16
16
2 14
16
6
3
7
7
9
14
17
5 9
4 8 13
4
15
9
4
9
1 4 13
8 9 12 14
4
3 10 11 18
7
9 13
20
16
18
2 10
4 17
13
9 18 20
20
6
3 4
3
1 6
10
1 9 20
20
19
5
18
4 10
7 18
2 9
19
15 18
16
9
17
4 8 15
1 15 18
13
1 6
7
10 16
2 10
6
6 8 19
12
2
2 9 12 14
4
18
4
5
17
9 16
19
15
7 9 14 20
2 11 12
10 13 20
11
12
17
8
6
9
13
18
2
17
17
16
18
9 20
5 15
20
6
13
18
1 7
1 4
