3 4 7 11 15 17 18 19
1 2 5 7 8 11 14 15 19
2 10 14 15 17 20
1 4 8 12 13 14 16 18 19
3 7 9 12 17
4 7 11 12 14
1 4 6 14 15
1 4 6 7 8 10 11 15 20
14 17 20
1 4 7 14 15 17
2 4 6 10 12
4 6 7 10 11 13 15 17
2 4 5 11 18 19
1 2 8 9 10 12 13 18 20
1 6 8 9 16
4 7 9 10 11 14 15 20
3 7 9 17 18
7 11 13 14 16 17 20
6 9 12 13 16
2 7 19 20
1 4 5 9 12 13 16 18 19
3 6 7 8 12 15
2 8 9 18
5 7 10 14 15 16 18
2 8 13 17 18
1 6 7 12 15
2 5 7 9 18
1 5 6 9 13 20
3 6 8 12 15 18 19 20
1 2 18 19
4 12 13 19
2 11 16 17 19
1 17 20
4 6 11 16 17 18
2 3 6 9 10 11 12 14 16
2 3 4 7 8 9 12 14 16 20
7 9 13 17 19 20
2 3 7 14 17 20
2 10 18 19
2 7 8 11 16
3 4 10 12 13 17
6 8 9 10 14 17 19 20
7 8 10 20
3 7 9 12 14
2 5 13
1 4 8 17 20
16 17 19
1 4 5 7 8 11 12 16
2 4 13 15 18
1 3 5 9 15 16 18
1 2 5 6 9 11 16 19 20
1 7 15 16
18
2 3 12 18 19
5 7 9 13 16 17 20
1 2 3 7 8 11 14 20
3 4 5 11 13 14 20
1 4 7 13 15 16 18
3 7 14
3 7 10 12
1 4 6 8 10 12 15 16 17 18
2 6 8 9 12 13 15
2 3 5 8 14 19
8 9 12 13 14 16 18
2 4 5 6 9 13 14 15 16 17
1 4 6 8 10 14 16 19
2 3 9 15
2 12 15 20
7 9 15
6 12 15 17
1 3 9 16 18 19 20
3 9 12 15
2 5 6 8 11 18
17 19
4 11 15 16 18 19
2 3 4 7 15 16
3 6 17 20
3 4 6 9 10 12 15 18 20
1 4 7 8 9 12 15
4 7 11 15
13 16 18 20
1 5 9 10 15 20
3 5 6 9 17 19
1 3 7 8 17
4 5 6 16 19 20
1 4 11 12
2 5 8 15 18 19
2 4 5 10 12 13 14 17 18
1 2 4 11 14 16 20
4 9 10 11
3 9 18 20
2 10 12 13 15
1 4 6 7 9 10 11 15 16 17
1 2 6 8 10 12 13 17
1 2 6 8 12 13 14 18
2 3 6 8 14 15 18 19 20
2 4 6 11 12 13 15
3 9 10 12 15 17 20
2 5 14 19
1 6 10 18
5 9 16 18
1 3 6 7 13 17 18 19
3 6 7 9 12 13 17 18
2 3 4 7 9 11 14 15 17 20
2 7 10 11 17
5 6 8 16 17 20
4 5 6 13 14 15 17 19 20
1 4 6 7 9 10 11 14 17 19
1 2 3 4 5 6 8 10 13
2 10 14 16 18
6 11 12 16 19
6 7 8 14 15 20
2 6 7 13
1 2 6 9 13 14
1 7 8 10
2 3 5 9 10 11 12 15 19
1 2 3 15 16 19
3 5 7 11 13 15 17 18 20
1 8 13 15 16 19
5 9 13 14 16 17 18
1 5 9 13 14 17 19
5 7 9 18 19 20
3 10 11 15
4 6 8 10 11 13 17 20
1 2 3 4 5 7 10 14 15 16 20
6 10 16 18
1 9 11 16 17
4 5 10 11 13 14 15 18 19
3 4 10 11 14 15 18 19
1 4
7 16 17
4 14 15 16 20
2 8 10 12
1 3 4 5 7 13 14 17 20
7 9 10 19
1 3 11 12 18
3 7 10 12 14 17
3 5 7
3 10 11 19
1 5 8 13
1 11 12 13 17
1 3 4 5 6 8 9 11 14
1 5 8 9 11 13 14
1 9 15 17
1 4 5 13 16
5 6 8 9 11 12 13 16
1 6 12 18
1 9 10 14 15 19
1 2 11 16 20
5 7 10 16 20
2 4 7 12 14 17
3 5 6 7 8 9 12 14 16 17 18
2 7 16 18
2 6 7 8 10 12 14 17 19 20
3 5 8 10 13 14 18
1 3 5 8 9 10 11 13 17 18
1 2 6 7 9 10 19
3 4 6 10 11 12 14
14 18
5 7 8 9 10 11 14 16 18
1 3 11 14 17 19
1 2 14 15 18
4 8 11 19
7 8 9 11 14 16 18
4 6 9 10 12 13 14 17 18 19
2 3 8 14 16 18
4 8 11 16 17 19
1 3 5 7 13 16 19
1 4 8 12 15
1 2 5 7 11 12 20
1 2 10 12 15
5 6 8 14 15 18 20
7 9 11 18
2 11 15 17 19
1 3 4 14
8 10 20
3 5 6 7 8 12 15
4 8 15 16
1 6 9 10 11 12 14 16
4 5 6 9 10 13 14 18
2 3 9 13 15 19
3 4 5 7 9 14
2 4 9 13 18
3 4 12 17 19
6 9 10 16 18
8 9 10 11 15 16
3 8 10 11 15 18 20
1 8 11 16 18
13 17 18 19
2 3 10 11 13 14 15 16 17 20
1 2 4 11 13 16
1 4 5 6 7 8 9 13 18 19
7 8 9 10 14 17 18 19
5 6 14 15 17
1 3 5 16 17 19
1 5 8 9 11 18 19
3 14
1 3 4 5 7 12 18 20
2 7 8 11 14 15 16 17
2 6 9 14
