4 5 6 7 11 16 19
1 4 5 6 8 12 13 14 17 19 20
2 3 15 20
1 2 7 13 19 20
2 5 6 9 11 13 14 17 18
3 7 8 10 12 14 19
1 2 6 8 9 13 14 15 16 17 19
1 4 6 10 12 13 18
2 4 10 11 15 18 20
1 5 8 10
2 4 5 6 7 10 11 12 13 17
3 8 10 11 13 18 19 20
1 4 7 10 13 15 16 18 20
2 7 12 13 14 15 17 18
2 3 7 8 10 12 18 20
2 4 5 7 12 16
5 6 7 12 18 19 20
2 3 4 7 16 19 20
2 8 9 10 12 14 16 17
7 9 11 13 15 17
5 7 10 11 15 18 20
10 18
1 3 5 8 9 12 13 14 19 20
1 5 8 9 14 16 18 20
2 4 6 10 14 15 18 19
2 8 10 13 18
1 5 6 7 10 12 19 20
1 4 5 7 8 10 11 15 19
7 8 14 16
3 5 10 11 14
11 13 14 19
15 20
3 4 8 12 17 18 19 20
2 10 11 12 15 17 20
1 3 9 16 18
8 9 11 14 16 19 20
2 4 6 8 13 17
4 6 8 9 10 13 15 19
2 3 9 13 16 17 18 19
3 6 8 9 15 17 19 20
2 8 12 13 15 16 17 19 20
1 3 7 8 11 13 17 18 19
1 2 6 12 17
5 7 13 15 17 20
2 3 4 6 7 10 14 19
2 5 6 8 13 15 16 19
4 8 14 20
1 3 7 19
4 5 14 15 20
3 8 10 12 13 14 16 18 19
1 7 12 14 16 18
6 8 13 20
2 5 6 7 12 13 15 16 19
1 2 6 7 9 11
1 2 3 6 13 15 17
8 10 11 12 13 17 19 20
2 4 5 12 16 18 20
2 3 4 5 6 12 13 15 17
1 2 5 8 9 15 17
1 5 9 10 12 13 14 15
1 12 16 19 20
4 5 8 11 12 13 16
7 16 18
9 17 18
2 3 6 9 11 12 13 14 15 19 20
1 2 4 5 15 16 19
5 6 9 11 12 17 20
1 2 3 4 5 7 9 13 15 16 19 20
2 3 7 9 10 13 16 19
2 4 6 10 13 20
1 2 4 9 12 14 15 17 20
2 3 5 10 11 12 13 16 17 18
4 5 8 13 17 18 20
1 2 3 7 11 13 14 20
3 4 8 10 11 15 19 20
9 20
1 2 3 5 11 12 15 20
2 3 6 7 9 11 13 16
1 3 9 13 14
6 8 9 10 12 14 18
1 3 5 14 16 17
1 4 7 11 12 13 18 19
3 4 6 18 20
7 8 9 10 14 15 17
5 7 8 11 13 17 19 20
1 4 6 8 10 13 15 17 20
1 8 13 15
1 4 5 8 11 20
1 3 5 10 11 13 17 18 19
2 6 8 10 12 15 19 20
1 2 4 6 10 12 14 16 20
8 9
3 7 18
5 7 10 15 16 19
3 5 6 7 8 12 17 18 20
4 5 7 10 11 13 16
7 11 14 15 17
7 9 17 20
4 7 15
6 8 9 10 11 14 16 17 18
1 2 3 4 5 10 14 15 16
5 7 10 12 13 14
1 9 11 16 18 20
2 6 9 11 12 18
2 13 15 17 20
4 5 10 16 17
3 12 15 16 17 19
1 2 6 8 9 11
1 2 3 8 9 10 12 13 16
3 4 7 11 12 15
4 7 8 13 14
3 5 6 7 13 16 19 20
1 5 6 10 11 14
3 4 7 10 11 16 20
1 3 7 8 9 10 12 13 14
5 7 9 10 13 16 17 18
1 8 12 13 16
1 8 11 14
1 3 4 11 14
1 8 16 17 19 20
5 9 11 13 18
1 3 6 7 13 14 16 19
3 4 5 8 10 13 14 18 19
2 3 7 16 19
8 9 13 15 17
2 4 5 7 8 12 14 18
4 6 8 9 10 11 17 19 20
1 5 7 9 12 17
2 6 8 9 11 12 15 17 20
1 6 7 12 13 18 19 20
5 8 9 11 16 20
2 4 8 9 10 14 17
2 3 13
1 2 4 5 7 8 11 13 15 20
1 4 14 16
3 6 10 16 18
2 5 9 16 19
1 3 5 7 10 13 17 18
1 5 8 9 12 14
2 18
6 8 9 12 13 14 20
2 4 8 9 12 13 14 16 20
1 2 3 4 6 18
3 4 5 7 11 12 17 19 20
6 8 15
5 6 7 11 14 17 18
2 3 6 8 10 12 20
6 7 13 17 20
3 5 10 11 12 14 18 19 20
4 12 13 15 18 19 20
2 5 6 7 9 11 13 16
4 5 7 11 12 14 15 16 17
1 3 6 8 15 19
6 14 18 19
5 9 10 11 14 15
2 3 6 8 9 10 11 15 17 19
3 4 5 6 14 15 18
1 5 9 10 15 16 17 18
1 3 6 9 12 15 16 17 18 20
1 2 4 5 6 9 18 19 20
2 5 7 9 20
3 5 10 14 15 16
3 5 6 12 13 16
6 7 8 11 15 16 18
4 7 11 12 18 19
8 10 12 13 18 19 20
4 8 9 10 12 13 19 20
1 3 4 6 7 9 12 16 19
2 4 8 9 10 11 12 13 16
5 8 9 17
2 4 6 9 11 15 18
1 3 6 12 14 15 16 20
3 4 5 6 9 12 13 14 15 17 20
2 4 6 8 9 10 11 15 16 18 19
5 11 16 20
1 14 16 17 18
5 6 8 9 11 13 14 16 20
1 8 9 13 17 19
2 3 6 7 10 12 14 16
1 3 5 8 9 13 15 18
1 5 6 9 10 11 12 17 19 20
1 3 8 9 11 14 15 16 19
2 5 11 12 13 14 17 18
2 4 8 9 12 15
1 3 5 8 10
2 3 4 7 14
2 3 8 11 12 13 14
4 6 12 14 15 17 19
3 4 5 6 8 13 17 18
2 3 4 7 9 11 13 15 16
2 4 6 7 8 9 11 14 16 17
4 6 9 11 17 19 20
3 7 8 9 10 11 14 15
1 2 9 12 16
1 3 6 8 9 10 13 14 15 19
1 3 4 8 10 12 13
1 5 7 9 10 12 13 15 16 19
2 7 9 16 17 20
1 2 6 9 11 12 13 16 17 19 20
3 7 8 9 11 13 14 16 17
