5 8 17
10 15 16
3 12 14 17
3 6 8 15 19
9 15 18 20
11
19
2 7 16
12 15 17
8 12
2 5 11 17 20
6 11 15
5 12 17
8 15
14
3 5 15
4 7 19 20
5 17
1 3 4 10
10 19
6 15
3 6 8 10
3 6 10 12 15
7 8 9 16
7 20
15 19
2 6 7 10 16 17
15 16 17
7 8
1 3 13 15 17 18 20
5 12
7 13 17
1 5 10 18
5 18
1 16 17
6 10 18
10 15 19
1 7 8 16 19
5 8 9
6 13 18
1 3 7 10
1 5 13 17
2 12 16 17 20
12 16 19
11
4 8
5 17
1 8 13
8 14
4 6 7
8 12 14 19
14 18
3 5 12
3 16
8 11 12 20
18 19
4 7
18
7 13 14 16 18 19
14
8 10 11
3 10 12 13
17
5 6 13 14
3 14 17 18
3 13 17 18
13 16 17
1 7 16 17 18
19
8
2 3 6 10 11 19
3 6 8 9 19
1 10
4 5 11
12 13
3 4 7 8 14
1 6 18
4 6
4 9
5 9 12 19 20
3 6 19
3 5 15
1 10 11 14 16 17
4 8 12 13 17
6 8 15 20
4 7 8 13 18
3 10 11
1 3 19
10 16
2 9 19
2 12 15
11 18
7 12 17 20
2 7 11 12 16 18 20
2 4 12
17
7 10 14
3 6 7 9 11
15 16
5
6 15
5 6 9 15
6 13 14 19
14 17
1
9 12 14
9 12 17
16 17
7 18
3 20
12 17
4 8 10 16
7
3 8
9 16 18
6 9 10 12
1 9 13
1 14 15 16
8 15 18 19
8 12
6 12 16 17
8 9 14 19
18
8
6 7 9
8 13 15
4 15 19
9 10 11 14
10 12 16 17
2 4 17
19 20
4 13 14 19
4 10 20
9 17
19 20
1 7 8 15
2 6 7 11 18 19
2 5 7 11
1 2 4
3 9 17 18
2 9
1 2
8 10 14 15 17 19
10 18
12
2 8 16 17 20
6 20
13 19
2 4 17 20
12 16 18 20
4 12
1 6 13
6 7 9 14
19
4 6 13 16
18
4 5 12 15 17 20
12 20
2 4 8
6 8 17 18
2 13
1 17 20
7 8 18
4 10 13 14
13 14
10 16
2 3 13 14 17 18 20
3 7 8 13 17
2 9 12 17
3 13 14 20
2 13
8
8
4 7 8 16
2 6 10 12
6 7 14 20
4 19
4 16 20
11 12 15
2
4 5 6
3 5 20
2 3 4 11
5 18
4 16 17 20
9 14 20
8 10 15
4
3 8
1 2
2 7 12 13 15
1 8 11
6 10 14
15 16
11 12
12
15 16
13 18
7 13 17
5 13 14 15
