4 5
1 3 8 17 18
3 10 12 15 20
3 4 19
4 5 8 11 12 17
1 10 12 18
10 13 17
2 6 9 11 12
1 5 11
4 9 10 16 17 18 20
4 5 9 15 16 19
10 15 20
4 7 8 9 10 12
2 4 11 12 17 18
4 11
9 14 15 20
10 15 18
5 9 10 19
3 4 6 19 20
4 13 15 17 19
3 4
8 12 16 17
5 10
2 10 11 12 14
2 3 10 16 19
1 5 8 13 17 19 20
2 6 9 14 15 17 19
1 17 19
6 15 17
1 2 16 18
12 13 16
3 4 9 10 11 12 14 17
8 13 18
1 3 7 9 11 20
2 8 11 15 17
3 5 6 8 13
3 6 7 8 12 15 17
3 9
2 12 15 18 19
6 8 11 12 13 14
5 8 13 15 17 19
1 10 11 13 16 17 19
3 6 7 12 13 19
1 3 4 15 18 19
2 5 6 11
1 5 6 7 9 12 17 19
1 9 11 12 18
4 6 9 10 11 20
1 5 8 10
2 12 14 15
10 11 19 20
1 3 5 13 18
1 15 17 19
2 20
2 5 7 8 20
3 4 18
5 11 13
6 7 9 12 16
1 2 6 7 11 17
4 5 6
1 2 6 12
3 10 18
13
7 8 20
1 3 7 8 9 13 16
3 5 11 14 16
10 11 13 15 16 17
2 6 11 17
5 12 15
8 9 10
3 9 14 20
3 5 9 12 13 19
9 11 12 15
2 7 18
3 7 10
6 12 13
6 7 16
8 9 11 14 17
3 12
5 7 13 15
5 6 11 13 18 20
2 8 11
5 7 13
13
10 19 20
1 2 6 12 13 18
1 2 4 9 13 14 15 18
2 8 10 14 16 19
1 5 13 17
2 6 9 12 14 19
8 18
1 2 10 17
6 9 13 19
2 4 10
4 7 8 12 15
2 3 10
13 20
4 5 7 19
3 17 20
5 8 15
4
1 4 6 9 11 15 16 17
1 6 8 12 14 20
3 12 18
2 7 8 12
1 5 17 20
1 17
1 2 4 10 17 19
9 14 19
6 16
16
1 8 14 15 19
2 10
3 4 7 8 10
5 7 11 13 20
6 12 13 15
1 11 12
6 9 15
4 9 10 12
4 14 19
6 9 16 17
7 8 11 17
5 6 7 15
8 11 13 16
6 7 11 13
1 7 11 13 18
2 4 7 10 19
1 5 15 20
1 7 17 19
5 8
2 3 11 16 19
10 12 16 17
4 10 11 12 13
9 19
8 9 16 19 20
4 15
1 8 9 18
5 10 16 18
3 4 6 9 11
3 7 9 13 19
6 7 16
1 17
1 6 7 8 15
1 10 11 19
7 14 15
15 20
2 3 11 18
4 10 12 13 17 19
14 16 18 19 20
1 4
2 5 10
15 17
5 8
1 6 15 17 18
1 2 3 16 18 19 20
3 6 12 13 17
5 10 19
6 8 14 15
1 14
3 7 8 9 15 20
2 10 12 18
8 9 14 15
3 6 13 14 19
1 13 17
4 6 13 14
1 3 5 8 9 14 15
3 7 10 14 17 18
6 8 10 11 18
2 5 6 8 13
8 13
11
5 14 19
3 4 6 7 8 10 13 19
5 7 15
4 13 16 19
12 13 19
1 2 16 20
1 5 9 13 15 16 18 20
6 7 13 18
3 9 11 18
2 5 16 18
4 5 6 16
1 3 12 16
5 14 15
2 3 16
2 3 4 5 11 13
5 18
2 6 10
8 14
8 12 19
12 19
4 6 7 9 10 14
5
4 6 7 15 16
3 7 9 14 17
1 5 10 13 16
3 6 15 19
9 11 20
1 5 13 15 17 19
7
