5 11
7
2 14
13 18
12
20
3
6 8
6 20
2
4 7
15
14
8
11 14
15
12 16
15
3 14
10 18
7
15
13
7 12 18
9
1
4
4 8
9 14
18 20
3
11
7
2 15
6
3
17 20
16 20
4
3
5
6 11
12 16
17
7
7 15
4
5
14
2 11
15
7
17
7 14 18
8
4 12 15 20
8
20
19
5 11
2 13
8
12
3 4
14 16 19
4 16
8 11 12 19
15
11
20
1 15
2 6 9 12
1
20
1
1 2
1
16
6
10 12 14 17
11
6
19
6 13
5
19
8 16
20
19
12 17
11 14
1 2 10 18
4 15
20
12
12 16
4 17
2 3 6
11 19
19
18
4 16
9
16
6
18 20
3 5
20
3
15 18
4
18
6 18
5
6
8 17
15
5
10 11
18
1
18
1 20
20
2 3 7 8 9 11 16
3
7 8
5
2 7
9 16
13
4 11 18
19
15
5 19
2 9
4 9 15 17
14 18
3 9 18
8
3
6 13 18
7 9 18
7
3
17
3 4
5
16
15
4 16 17 18
14
4 17
10
20
2 18
19
16
5 15
12
3 4
1 5 13
17
5
8 12 19
15
20
13
3
8 15
5
4
7 10 15
10
7
18
2 4 5 19
14
5
19
2
12
1
2 6
1 15
4
17
20
19
6
1 14
6 11 16 20
7
14
4 20
5
8 20
9
18
4
