1 14 15 17 18
11 19
5 7 12 13 17
3 6 10 11 14 16 19
3 7 12 15 17 18 20
4 6 8 10 13 17 18 19 20
1 8 10 14 16
1 2 6 16
3 11 18
1 3 7 8 16
1 7 8 11 18
4 5 6 8 9 11 14 19 20
8 9 11 12 15 16 17
2 5 6 14 19
2 9 10 15 17
7 9 12 18 20
3 7 8 20
2 3 5 8 9 10 15
1 2 6 14 15 18
3 4 5 6 13 14 15 18
4 5 11 12 14 17
1 2 6 8 9 11 17 18 20
5 11 12 18
3 9 14 16 18
1 2 6 8 12 14 20
3 7 9 18 20
2 3 5 9 14 18 20
6 7 9 15 16 20
1 2 3 5 11 13
1 4 17
4 6 8 10 12
4 7 9 10 17 19 20
1 5 9 11 12 17 18 19
1 2 3 5 8 9
5 7 13 15
1 3 6 9 12 13 16
1 3 6 10 16
9 14 18
1 4 8 10 11 18
3 4 6 16 19
8 15 16 17
5 6 10 11 12 15 19
2 9 12 13 16
2 5 7 9 13 14 20
5 6 11 20
2 6 8 9 10 11 14 18 20
10 12 13 14 16
2 8 18
2 3 4 5 7 8 11 12 16 17 19
3 15
1 2 4 5 16 18 20
1 4 10 12 13 14 17
1 13 14 16 19 20
4 5 6 10 11 12 19
3 4 5 9 15 16
1 5 9 11 13 19
1 3 5 8 9
5 8 11 12 18 19
3 4 9 10 12 14 18 20
1 4 5 8 10 14 18
1 2 18 19
3 6 7 9 10 14 19
1 3 4 5 10 16 18 19
1 2 9 10 11 12 15 16 17 19
2 3 5 6 9 12 16 18
1 2 5 13 16 17 20
2 4 5 10 16 19
1 3 8 9 11 15 16 17
4 7 9 11 13 17
3 6 7 9 13 17 18 19
3 15 16 17 18
4 5 9 10 12 13 15 20
1 9 12 16 19
1 3 5 7 9 11 18
5 6 7 14 16 20
3 4 6 9 13 16 17 19 20
1 5 7 8 11 12 13 14 18
1 2 14 15 16 20
4 7 10 11 17 19
2 6 11 15 16
4 5 14 16 18 20
4 9 14 17 19 20
2 16
2 5 6 10 12 14
2 3 6 11 15 17 18 20
6 8 9 13 16 17 18 19
7 9 10 11 16 17 18
2 4 5 7 9 11 17 20
4 7 10 14 15 18
2 3 6 7 10 17 18 20
1 2 4 6 10 14 19
1 2 3 11 13 15 16 17 18 19 20
3 12
3 4 6 12 13 14 15 16
3 8 12 13 14 16 17 18
7
2 9 12 14 18
7 10 12 16 18
3 6 7
2 8 10 11 13 18
4 9 10 12 13 15 16 18 20
6 7 8 10 12 14 15 18
1 8 9 14 16 18 19
9 11 12 13 15 16 17 18 19 20
1 2 7 8 14 15 16
3 4 5 11 15 16 19
1 2 17
5 8 9 11 12 14 16 17 20
4 8 12
5 11 12 14 15 16 17 19 20
1 5 7 10 15
1 4 8 9 12 13 16 17 18
6 15 16 19 20
1 4 10 12 19
9 15 20
3 8 9 13 14 17 19 20
5 8 9 10 12 14 15 20
2 4 5 6 9 16 17 19
3 4 8 10 12 14 15 17 20
2 5
1 8 9 10 13 14 16 19
3 6 12 13 16 17 20
2 5 7 19 20
3 4 5 6 7 9 10 11 12 13 18
10 11 16 19
1 2 5 6 7 8 12 14 16
7 10 18
5 7 10 12
3 6 7 9
1 11 17 19
3 4 6 8 16 18
3 9 15
3 7 8 10 12 17 19
7 11 12 16 18 20
6 10 12
4 11 12 16 18 20
8 13 19
5 8 13 18 19
5 7 10 11 12 14 15 17 19
1 3 8 10 12 16 18
3 5 7 16 17 20
4 8 9 12 16 17
7 13 14 17 18 19
3 10 12 14 18 19
1 9 13 15 18
3 4 12 14 15 16 17 20
6 14 16 20
1 2 7 8 10 17 20
1 3 4 5 10 14
1 8 12 17
5 10 11 12 13 16 18
4 6 7 10 12 13 15 18 19 20
6 11 12 14 15 16
1 7 9 11 18 20
2 4 5 10 11 20
2 4 5 6 7 12 16 19
1 2 3 4 5 6 12 19
6 8 9 12 13 15
4 6 13 14 16 17
3 5 8 9 11 14 16 17 19 20
1 6 7 11 17 18
4 7 10 13 19
7 10
2 4 5 7 13 14 17
1 2 3 5 12 14 15 19
1 2 3 5 10 15 20
3 9 10 12 13 15
2 5 7 11 12 16 19
8 14 18 19
2 11 14 15 16 20
2 11 12 13 16 17
1 5 6 7 8 13 17 19 20
7 9 13 14 15 17 19 20
2 13 20
9 10 11 16
1 3 5 11 14 19
1 4 15
1 3 6 7 10 11 13 17 20
1 7 9 10 13
3 4 5 6 8 11 12 20
1 5 6 7 9 10 12 14 15 18
5 6 10 11 13 14 19 20
1 2 4 8 9 14 17
8 12 13 14
2 3 11 17 18 19
5 6 8 19
2 3 5 9 13 16 17
2 7 10 11 16 17 20
1 4 6 8 10 18 19
3 4 11 13 14 19
3 4 5 11 12 13 18
4 8 16 20
2 7 11 12
1 5 6 9 20
2 12 14 15 16 18
4 5 18
2 6 8 13 19
4 7 13 16 17 19
1 3 7
4 8 9 16
