1 7 8
11
3 6 19
5
18
9 11
6
15 16
20
3 12 15 17
15
4 14
1
8 11 15 16
9 13
13
4 8 9 13 18
1 14 15
1 9 20
13
2
2 4 13 16 20
7 13 20
4 11 19
7 10 14
17
1 16
8 14
2 14 15
8 12
20
11 17
5 8 16
15
1 15 16
18
1 16 18
9 15
1
1 4 7 10 12
11
10 14
9 14
5 13
9 17 20
17
3 6 9 18 19
10 14 19 20
8 10 12
5 14
8 9
20
11 19
8 12
5 8 18
7 11
2
5 9 16
5 7 13 15
6
1 7 8 20
5 14
4 11
10 20
3 8 12 16 18 20
1 9
10
5 19
19
16
2 20
9
3 5 15
9 10
13 17 18
12
14 18
13
5 16 17
18
15
7 11
15
12 13
9 11 19
8 11 17
6 9 20
5 11 13 16
17
8
1 4
12
7 11
15 16 19
3 4 6 7 9
6 8 13
8 20
7 8 10 17
1 6 10 13 14
13 17
6
13
1
1 10 11 16
20
3 4 5 13 15
11 14
12 19
11
11 14 19
5 14 16
3 16 20
5
10 12 14
5
20
3 9 14 20
3 13 20
1
1 11
12 18
8 20
5 20
20
1 2 17 19
8 11 17
17
19
16
6 13 15 19
20
3 7
4 6 10
1 4 6 17
6 14
13 18
5 6 10 11 13
14
10 12 16
13 19
3 5 8 10 13 14 19
19
15 20
7 14
12
6 16
14
3 18
11
10 18
12 16
3 9 12
5 14 18
12
7 8 11
1 5
6 10 15 19
18
11 15 19 20
2 5 16 19
2
15
17 20
8 16 20
6 17 19
4 6
6
6 9
3
9
8 10 19
11
12 19
8 17
4
9
18
3 4
11 14
3 4 16
1 2
3 5 13
2
3 8 10 15 18
10
6 16 20
9
8
3 18
1 16
8 9 14 18
6 8 10
4 11 15 20
5 8 11
2 7 12 13 15 20
16 17
2 11
3 11 18
2
9
